50
1.0 1.0 1.5 2.0 1.9 
4 68 117
56 31 152
57 0 142
53 48 166
91 85 202
25 69 99
4 50 127
57 92 225
32 88 164
38 69 123
15 19 95
63 14 156
4 43 73
36 44 172
50 73 184
8 88 161
96 71 235
91 65 200
74 33 196
62 34 192
46 70 189
68 25 164
8 83 168
92 70 209
31 11 92
66 45 133
17 81 98
49 71 120
39 1 40
37 43 80
49 91 140
25 86 111
7 38 45
88 84 172
49 33 82
9 61 70
45 6 51
22 81 103
82 90 172
85 82 167
41 23 64
90 54 144
46 62 108
31 0 31
77 82 159
13 96 109
16 71 87
59 24 83
9 86 95
94 86 180
