250
1.0 2.0 2.0 2.0 2.0 
30 50 128
30 81 199
92 59 230
40 34 115
56 13 97
3 10 102
71 66 214
86 97 244
36 72 161
61 73 231
30 2 90
4 65 73
40 95 186
82 12 158
19 91 187
7 10 79
12 13 85
77 28 116
78 17 151
44 75 145
86 75 211
46 13 147
25 15 115
27 73 154
38 44 145
57 76 149
87 83 212
74 79 246
31 16 69
92 64 247
10 91 113
11 50 80
35 63 162
43 4 110
76 33 180
8 76 170
89 72 165
79 66 189
62 84 183
63 48 124
14 27 117
16 34 107
59 37 127
63 95 158
57 94 227
95 14 202
54 78 222
18 87 147
73 99 197
25 71 107
90 59 249
31 24 107
63 69 221
26 5 89
84 34 198
58 31 155
90 88 201
95 85 220
79 55 185
24 34 95
31 95 158
100 82 276
30 73 121
13 59 147
66 33 180
66 99 207
28 9 110
89 23 149
56 12 160
66 74 171
3 91 101
35 96 165
66 51 143
88 33 164
2 62 80
65 31 195
3 8 27
18 95 138
69 84 219
43 4 52
26 80 165
18 69 183
48 79 139
63 16 90
59 32 161
29 37 134
19 45 132
25 74 160
37 45 126
30 47 133
55 73 156
57 81 183
83 51 170
33 98 133
63 21 176
3 79 110
97 74 244
57 69 162
73 47 169
25 89 159
36 10 120
28 37 142
34 8 103
36 78 176
77 41 180
69 85 204
95 84 255
9 19 122
30 84 177
22 18 101
76 80 253
54 2 91
45 75 193
4 92 134
30 30 113
73 69 165
2 34 61
38 91 152
54 97 188
40 98 182
54 54 205
13 12 82
51 83 190
98 18 211
1 31 100
75 8 118
51 51 102
90 43 133
17 53 70
92 91 183
63 37 100
2 58 60
9 91 100
97 49 146
86 79 165
58 78 136
65 50 115
4 2 6
77 36 113
28 26 54
74 90 164
9 47 56
98 40 138
65 49 114
42 2 44
88 58 146
46 100 146
86 75 161
87 87 174
45 27 72
86 39 125
6 4 10
21 73 94
44 88 132
8 9 17
47 28 75
61 55 116
30 12 42
46 66 112
17 97 114
38 95 133
99 0 99
99 81 180
52 34 86
23 74 97
67 34 101
96 55 151
36 44 80
83 94 177
24 64 88
54 45 99
94 3 97
79 73 152
83 50 133
54 44 98
36 35 71
92 80 172
48 33 81
28 80 108
29 54 83
7 33 40
92 21 113
12 82 94
52 42 94
20 16 36
12 34 46
12 67 79
35 26 61
57 51 108
79 31 110
98 92 190
68 28 96
77 21 98
81 4 85
52 97 149
98 33 131
95 30 125
83 88 171
31 49 80
76 42 118
5 96 101
19 35 54
85 81 166
80 57 137
55 12 67
23 68 91
36 58 94
19 78 97
27 51 78
30 58 88
42 41 83
7 13 20
11 82 93
18 12 30
48 5 53
78 47 125
38 63 101
32 24 56
36 78 114
8 50 58
92 20 112
63 39 102
50 77 127
49 51 100
54 30 84
52 83 135
91 43 134
39 94 133
39 29 68
6 97 103
99 17 116
78 57 135
18 10 28
90 42 132
20 12 32
64 89 153
98 1 99
45 67 112
84 96 180
31 55 86
59 20 79
55 58 113
77 84 161
76 20 96
37 62 99
29 98 127
66 85 151
21 71 92
62 13 75
44 95 139
