200
1.0 2.0 2.0 2.0 1.0 
47 96 197
52 97 240
40 90 130
16 0 68
31 82 189
27 2 119
52 31 144
22 26 51
36 18 88
13 27 69
52 88 227
37 72 131
72 44 193
79 22 179
37 93 160
75 92 213
35 71 135
42 68 113
53 92 172
35 76 194
13 31 88
67 29 185
26 69 98
98 28 175
39 18 73
54 17 111
47 64 152
29 75 134
68 40 145
18 82 184
14 93 182
64 78 204
56 48 121
72 60 191
6 23 64
68 98 169
51 68 125
1 26 59
34 9 90
4 10 109
6 95 101
16 20 46
7 25 86
79 39 209
19 36 107
13 13 29
46 27 166
77 82 198
86 14 144
31 37 72
34 77 162
78 35 185
46 19 108
44 37 171
25 36 73
20 4 74
13 59 171
94 35 209
3 90 117
56 20 149
88 100 211
22 62 173
54 54 182
20 8 111
49 34 113
50 23 90
22 94 172
11 16 127
20 65 98
33 99 214
32 16 57
21 53 98
52 74 172
12 71 120
65 60 147
43 31 174
80 48 177
43 47 137
67 91 225
35 0 111
21 20 59
76 4 172
17 72 136
85 70 218
26 7 91
50 100 208
86 23 178
47 59 146
7 15 95
88 2 137
68 99 231
35 14 78
17 16 100
18 44 127
38 10 115
50 79 209
80 26 142
64 71 185
27 31 108
2 93 155
13 3 27
33 23 56
78 72 150
39 67 106
76 69 145
90 20 110
10 41 51
22 69 91
77 58 135
5 90 95
29 34 63
98 7 105
57 64 121
68 73 141
10 56 66
91 49 140
37 72 109
33 50 83
80 96 176
76 0 76
36 13 49
81 24 105
19 19 38
56 56 112
64 70 134
7 91 98
49 86 135
97 26 123
47 19 66
20 40 60
41 73 114
93 67 160
2 16 18
81 63 144
94 100 194
96 42 138
23 47 70
50 16 66
13 27 40
91 9 100
70 45 115
24 92 116
28 76 104
57 28 85
43 36 79
22 21 43
3 14 17
99 83 182
53 1 54
87 90 177
78 57 135
32 18 50
10 80 90
100 62 162
54 57 111
4 99 103
33 99 132
90 100 190
71 89 160
68 14 82
48 17 65
56 29 85
40 18 58
64 38 102
52 72 124
66 45 111
44 92 136
5 8 13
12 44 56
39 29 68
30 60 90
56 23 79
42 96 138
13 65 78
35 70 105
66 74 140
98 47 145
54 9 63
6 82 88
19 44 63
72 99 171
7 2 9
100 26 126
65 36 101
51 30 81
33 99 132
44 99 143
55 41 96
70 21 91
76 58 134
73 86 159
94 26 120
85 48 133
69 70 139
92 90 182
10 74 84
42 63 105
52 68 120
81 35 116
96 29 125
