450
1.0 1.0 1.0 1.0 1.0 
85 38 133
14 93 139
30 81 161
26 50 86
30 53 151
12 96 188
19 28 49
85 15 130
58 18 108
72 23 172
50 25 117
28 15 95
10 27 56
2 89 91
76 59 194
62 37 138
64 12 130
56 78 183
62 97 233
24 66 118
3 10 63
29 57 156
23 80 132
64 90 242
81 9 101
78 8 100
13 95 174
71 22 165
18 98 157
89 15 107
74 65 213
34 30 91
55 49 187
89 65 196
66 23 145
98 43 223
100 68 220
85 93 233
16 69 145
95 0 105
48 34 154
47 44 91
40 46 109
12 68 98
81 61 235
78 65 216
95 2 155
1 5 10
2 16 113
39 86 210
62 100 164
22 14 96
42 96 181
92 73 242
68 65 215
84 56 177
12 15 49
86 1 112
11 63 98
7 23 128
81 22 196
64 78 184
86 47 227
32 48 83
87 43 162
99 98 268
96 68 217
98 9 124
96 82 211
16 73 176
70 55 191
67 54 192
52 98 210
97 31 182
22 28 50
55 79 221
1 10 44
1 21 109
9 64 88
14 85 105
40 96 173
93 1 103
62 22 160
45 100 185
35 11 113
2 46 60
63 3 72
88 87 234
18 89 151
28 54 172
74 98 176
63 31 189
50 13 117
57 73 135
66 90 234
49 41 139
73 37 188
23 57 134
27 0 49
14 35 88
9 60 162
98 69 181
47 32 142
87 44 141
26 65 94
98 25 201
33 23 154
27 12 94
42 69 168
16 47 78
34 55 179
58 10 158
49 8 91
31 89 133
70 20 186
23 59 174
45 3 63
51 58 178
88 60 184
59 67 151
21 2 24
92 21 134
45 39 176
82 88 249
40 84 219
56 5 100
61 98 238
41 73 206
44 47 124
68 45 127
36 2 44
10 93 175
59 24 146
98 19 216
89 67 218
56 22 177
65 20 105
2 2 77
87 55 190
1 97 139
14 78 98
47 64 185
100 78 184
12 61 102
45 94 156
27 5 86
74 40 133
55 45 156
76 69 239
39 18 98
54 47 139
53 23 154
33 72 205
53 38 96
85 61 198
23 88 138
5 7 71
2 21 46
48 26 135
51 31 172
67 97 183
19 35 66
57 50 143
25 56 117
49 96 159
82 91 195
70 32 113
96 64 196
22 42 72
63 79 195
32 24 73
27 64 125
1 52 77
31 35 112
8 55 71
40 43 117
20 43 83
69 82 222
34 34 94
28 56 177
65 93 221
19 20 124
24 72 168
30 65 132
15 96 183
14 30 73
88 91 205
55 39 104
85 88 201
58 84 215
84 14 158
16 53 166
74 45 133
74 80 235
40 66 119
54 7 144
44 14 109
50 57 187
31 61 178
35 35 150
53 51 128
25 39 143
34 16 55
30 32 108
79 33 133
58 99 157
41 72 119
78 91 234
90 25 154
99 95 274
95 69 181
6 39 50
66 13 88
59 73 153
6 89 121
15 41 128
32 78 198
68 80 218
73 97 225
44 37 94
17 96 127
46 6 143
24 86 127
12 51 136
46 40 99
77 16 147
77 28 105
62 34 96
98 68 166
59 58 117
19 19 38
97 39 136
74 26 100
98 33 131
19 16 35
44 92 136
75 55 130
42 39 81
83 99 182
2 35 37
30 84 114
60 82 142
85 84 169
61 79 140
43 87 130
74 37 111
58 69 127
51 98 149
74 29 103
54 31 85
98 44 142
64 8 72
75 82 157
66 14 80
51 81 132
18 84 102
52 93 145
91 67 158
93 86 179
62 10 72
47 25 72
17 69 86
91 77 168
46 25 71
42 6 48
55 79 134
4 37 41
34 77 111
1 17 18
52 21 73
54 75 129
92 100 192
55 1 56
94 62 156
82 30 112
77 30 107
91 53 144
17 21 38
43 18 61
59 64 123
99 6 105
81 38 119
2 7 9
21 53 74
34 17 51
32 59 91
2 61 63
18 18 36
16 89 105
97 51 148
10 63 73
57 87 144
79 12 91
92 12 104
13 13 26
11 1 12
35 43 78
19 53 72
14 71 85
84 54 138
85 55 140
99 31 130
68 38 106
100 27 127
4 48 52
92 1 93
53 58 111
12 94 106
99 19 118
18 4 22
66 96 162
39 53 92
88 98 186
74 81 155
59 97 156
33 27 60
96 50 146
24 91 115
54 0 54
19 47 66
60 16 76
30 39 69
63 35 98
27 95 122
78 33 111
65 99 164
80 32 112
97 58 155
51 66 117
35 2 37
74 4 78
59 55 114
67 35 102
71 5 76
72 67 139
75 72 147
95 1 96
12 35 47
51 92 143
47 36 83
71 80 151
77 17 94
40 56 96
59 26 85
76 24 100
84 31 115
32 14 46
14 4 18
99 18 117
68 19 87
73 37 110
53 70 123
27 69 96
33 72 105
39 8 47
93 77 170
44 0 44
56 41 97
18 72 90
71 92 163
19 0 19
86 56 142
82 28 110
83 8 91
76 24 100
43 86 129
2 46 48
75 29 104
5 37 42
45 91 136
92 27 119
40 85 125
3 58 61
99 90 189
3 74 77
31 70 101
71 86 157
37 78 115
40 76 116
27 28 55
42 75 117
91 46 137
68 68 136
67 76 143
19 90 109
51 89 140
60 56 116
96 76 172
51 81 132
49 58 107
23 22 45
73 33 106
66 1 67
67 55 122
58 74 132
23 26 49
25 46 71
94 3 97
44 8 52
13 76 89
61 14 75
12 43 55
14 81 95
38 16 54
26 84 110
88 62 150
83 85 168
13 32 45
23 72 95
72 100 172
82 59 141
93 82 175
73 40 113
53 14 67
66 65 131
54 62 116
90 97 187
16 92 108
99 30 129
22 19 41
52 54 106
21 80 101
78 66 144
51 57 108
60 40 100
84 11 95
90 15 105
28 32 60
89 11 100
98 69 167
25 35 60
1 22 23
83 51 134
98 62 160
38 1 39
93 24 117
49 37 86
60 12 72
92 64 156
50 58 108
15 73 88
29 33 62
40 12 52
11 13 24
66 32 98
86 16 102
35 34 69
93 87 180
24 77 101
69 21 90
