300
1.0 1.9 1.0 1.4 1.3 
92 77 222
57 33 133
16 79 124
85 27 129
19 5 49
25 72 188
1 56 125
67 91 167
93 50 183
84 15 185
47 60 115
60 8 92
85 67 190
73 70 212
1 70 168
52 27 139
73 27 139
22 90 167
53 23 176
71 6 114
40 91 133
63 88 251
24 60 108
81 11 141
10 94 150
81 19 106
30 17 78
45 58 127
6 59 133
47 7 105
15 24 99
45 41 119
32 53 141
6 14 110
65 87 235
54 36 174
98 86 250
88 88 186
94 30 183
11 100 141
13 58 158
28 92 157
71 34 188
34 55 107
18 66 101
30 70 182
21 89 120
67 63 154
20 19 43
43 55 136
51 53 156
43 97 192
47 51 196
23 95 131
45 100 238
30 52 147
78 97 274
58 96 184
44 82 151
10 85 140
65 18 115
66 73 236
87 2 140
73 47 142
99 99 252
73 63 198
84 43 220
45 97 186
2 52 99
36 59 176
73 83 216
26 26 63
16 83 196
8 53 93
82 0 91
42 90 176
14 74 168
17 95 206
74 85 200
67 42 144
74 66 173
17 69 153
25 66 106
54 69 155
52 64 131
13 62 141
19 19 117
24 53 130
37 26 80
2 66 76
58 23 123
67 95 179
83 7 94
41 61 155
59 53 150
1 20 86
9 3 85
79 71 204
82 73 188
55 23 176
70 65 178
61 28 186
93 81 211
62 2 73
2 65 89
64 9 132
63 86 175
58 66 151
50 39 104
64 65 145
4 59 106
95 6 148
30 14 97
6 30 65
82 49 146
70 97 167
95 17 210
57 52 152
36 39 152
37 5 45
47 75 204
24 73 155
26 88 204
82 85 250
74 41 183
23 37 83
72 10 103
68 14 145
100 5 179
95 85 201
35 41 137
85 68 253
60 67 161
49 56 134
21 13 75
31 0 46
46 49 155
13 92 154
18 58 148
77 37 214
35 3 102
72 13 114
93 46 239
56 50 179
8 95 108
96 5 184
94 41 176
80 54 148
51 55 117
71 92 175
27 68 130
86 2 88
9 30 39
7 14 21
16 49 65
29 4 33
99 0 99
31 1 32
24 57 81
6 66 72
21 2 23
75 13 88
23 66 89
1 88 89
30 56 86
100 86 186
92 66 158
54 22 76
5 86 91
10 73 83
99 10 109
5 34 39
29 40 69
38 2 40
74 99 173
81 9 90
90 99 189
65 51 116
25 2 27
60 57 117
16 72 88
80 42 122
1 82 83
30 62 92
3 35 38
18 9 27
91 99 190
35 81 116
37 45 82
69 37 106
76 71 147
85 43 128
50 56 106
7 94 101
3 22 25
85 64 149
31 78 109
86 31 117
27 29 56
38 64 102
73 69 142
40 4 44
100 0 100
12 22 34
73 40 113
55 79 134
94 75 169
41 73 114
100 5 105
34 75 109
90 57 147
3 51 54
3 21 24
51 34 85
65 44 109
13 16 29
25 94 119
70 80 150
36 75 111
72 26 98
92 39 131
3 32 35
82 7 89
44 95 139
20 57 77
78 30 108
66 3 69
39 14 53
37 69 106
11 5 16
77 71 148
73 46 119
27 39 66
77 64 141
46 28 74
1 18 19
70 89 159
89 71 160
40 84 124
62 71 133
96 11 107
24 61 85
55 16 71
87 23 110
63 75 138
96 59 155
20 56 76
2 48 50
63 41 104
1 77 78
71 29 100
58 60 118
12 72 84
26 2 28
73 38 111
59 50 109
83 80 163
44 73 117
9 43 52
44 61 105
28 22 50
96 95 191
18 36 54
48 31 79
98 45 143
37 73 110
23 27 50
27 92 119
67 41 108
48 27 75
41 99 140
35 84 119
75 63 138
68 3 71
41 6 47
66 74 140
65 50 115
96 74 170
24 71 95
19 16 35
41 30 71
61 100 161
83 10 93
57 10 67
73 30 103
44 8 52
63 49 112
28 22 50
65 5 70
11 8 19
74 92 166
1 50 51
75 64 139
25 66 91
65 65 130
91 83 174
54 27 81
80 2 82
70 80 150
10 24 34
