500
1.0 1.0 1.0 1.6 1.2 
27 56 139
33 41 146
67 81 154
10 23 99
55 98 199
32 3 95
36 7 114
33 0 61
11 37 62
27 16 73
53 73 203
49 49 159
9 71 95
15 87 155
11 50 63
61 40 108
96 31 170
34 12 82
69 21 174
67 8 138
90 46 136
49 33 174
3 94 106
23 21 88
44 45 187
79 75 218
75 32 185
25 59 89
74 27 148
20 6 91
22 100 140
35 27 146
56 45 181
64 49 114
16 29 131
81 51 215
92 31 149
61 11 110
84 90 245
49 42 185
72 38 142
71 85 247
63 69 197
11 90 115
45 71 196
75 4 115
42 41 183
86 71 175
1 22 24
84 44 149
88 72 220
77 78 209
95 25 167
62 21 99
42 14 119
78 23 185
19 34 64
54 84 204
6 81 128
69 26 124
37 32 150
75 65 170
19 96 165
52 95 220
55 23 160
80 49 212
73 33 206
43 87 173
2 58 114
81 90 208
17 1 32
92 40 138
43 71 206
27 87 178
94 69 191
90 97 286
21 93 172
65 34 169
15 94 138
50 51 192
51 44 191
68 73 145
72 30 142
69 88 180
14 7 28
74 1 145
21 38 134
11 7 93
60 75 208
35 37 128
18 91 118
29 25 112
17 40 113
100 95 220
84 59 180
70 31 156
55 40 192
27 81 149
25 32 73
24 46 119
51 82 157
51 51 137
96 93 191
16 87 122
60 47 116
27 12 122
85 77 168
34 87 158
82 92 211
21 90 177
32 88 170
81 52 138
17 70 156
30 46 172
43 30 91
76 35 161
51 59 135
8 50 102
45 90 201
98 97 213
16 45 146
35 77 149
71 3 144
14 86 132
71 3 146
97 61 195
53 89 161
35 68 170
50 48 184
19 44 129
27 25 152
17 35 94
14 22 114
95 47 215
72 78 174
24 98 196
75 18 123
51 46 117
52 37 142
13 66 123
20 51 116
89 78 222
90 14 179
94 59 187
34 48 105
91 23 155
48 100 216
22 95 217
86 44 137
89 28 167
29 86 185
61 10 157
32 82 134
86 17 191
2 94 119
69 2 138
3 67 91
3 35 66
57 75 158
26 71 128
50 66 127
87 53 143
43 82 163
72 86 175
82 84 264
14 48 83
90 64 169
67 57 174
61 5 79
18 79 149
23 52 113
57 7 145
35 32 74
43 94 169
35 58 98
48 51 173
30 41 118
35 84 170
99 8 122
14 95 203
15 39 95
5 64 94
72 90 183
63 86 179
43 40 161
5 49 74
36 58 156
11 1 25
53 47 114
82 32 182
63 89 166
93 62 209
36 13 91
16 100 128
76 10 147
23 23 73
79 58 231
75 41 203
15 47 147
89 81 175
56 0 106
59 3 67
41 78 140
2 42 65
78 29 180
1 59 138
42 63 149
16 34 127
52 27 118
25 82 145
90 54 153
94 88 201
37 76 180
33 86 164
12 78 92
89 63 227
1 8 42
25 27 71
21 1 84
15 59 169
46 51 175
34 82 126
85 37 205
57 52 176
5 37 45
78 87 199
21 34 91
90 89 243
60 66 214
21 14 44
13 87 189
96 82 206
84 58 201
23 2 36
86 11 175
88 98 230
42 78 157
15 9 40
29 26 120
75 34 147
80 5 88
77 72 231
68 45 189
19 25 44
20 61 144
39 46 139
23 81 105
3 13 80
37 89 166
83 48 207
69 34 133
65 25 90
85 44 129
94 9 103
82 53 135
80 38 118
48 26 74
99 32 131
75 100 175
44 54 98
91 78 169
7 92 99
51 86 137
66 27 93
78 62 140
57 83 140
45 46 91
54 8 62
91 96 187
85 4 89
17 98 115
53 45 98
43 1 44
5 8 13
97 51 148
54 44 98
6 77 83
93 55 148
48 74 122
49 54 103
58 32 90
32 73 105
27 71 98
29 33 62
61 25 86
46 18 64
56 40 96
21 54 75
34 38 72
17 69 86
74 56 130
48 96 144
38 89 127
67 48 115
52 2 54
24 9 33
62 63 125
72 46 118
57 90 147
3 39 42
62 94 156
34 58 92
29 78 107
29 29 58
45 8 53
95 95 190
10 47 57
62 86 148
81 48 129
37 90 127
43 43 86
30 84 114
78 94 172
99 78 177
65 1 66
2 77 79
3 72 75
16 44 60
85 17 102
89 49 138
23 54 77
24 17 41
29 64 93
3 2 5
55 19 74
49 63 112
92 65 157
29 88 117
83 77 160
4 73 77
27 84 111
10 84 94
10 33 43
41 13 54
17 40 57
25 19 44
70 3 73
96 35 131
29 41 70
99 27 126
34 98 132
81 90 171
12 43 55
65 51 116
93 5 98
96 91 187
29 72 101
47 27 74
16 92 108
12 8 20
60 53 113
49 46 95
39 11 50
31 29 60
95 28 123
73 91 164
4 0 4
13 71 84
57 60 117
50 79 129
94 74 168
61 35 96
16 74 90
67 52 119
20 98 118
29 18 47
68 73 141
38 87 125
82 73 155
18 80 98
65 19 84
84 62 146
36 97 133
64 11 75
75 60 135
89 17 106
58 16 74
29 46 75
41 46 87
91 91 182
34 20 54
99 83 182
20 28 48
86 86 172
69 70 139
27 57 84
99 42 141
85 27 112
68 10 78
13 6 19
43 94 137
92 3 95
3 75 78
92 81 173
14 18 32
31 74 105
79 6 85
12 21 33
2 23 25
2 46 48
57 99 156
38 98 136
75 14 89
47 71 118
78 32 110
7 97 104
2 52 54
99 82 181
98 65 163
72 32 104
81 34 115
48 47 95
25 81 106
88 83 171
61 68 129
12 37 49
34 57 91
12 0 12
19 58 77
14 64 78
48 29 77
91 42 133
38 22 60
9 72 81
33 9 42
41 90 131
39 88 127
49 94 143
12 100 112
43 66 109
67 30 97
87 27 114
43 7 50
58 98 156
60 0 60
18 86 104
56 12 68
72 17 89
9 40 49
70 1 71
37 17 54
71 91 162
84 51 135
18 66 84
80 79 159
12 94 106
16 32 48
6 31 37
27 24 51
71 73 144
5 66 71
39 40 79
6 16 22
89 31 120
90 76 166
94 89 183
69 6 75
72 83 155
61 29 90
38 90 128
87 52 139
49 8 57
32 31 63
65 29 94
41 68 109
20 37 57
81 4 85
63 64 127
84 5 89
49 71 120
63 10 73
83 20 103
56 38 94
8 39 47
16 95 111
27 57 84
31 39 70
2 66 68
64 63 127
55 8 63
58 60 118
77 48 125
52 27 79
46 57 103
77 88 165
78 8 86
16 35 51
77 98 175
63 52 115
68 16 84
51 64 115
9 2 11
39 44 83
49 95 144
25 51 76
97 5 102
45 58 103
17 98 115
44 100 144
34 99 133
