150
1.0 1.2 1.1 1.1 2.0 
59 11 135
22 15 113
10 24 128
79 53 220
60 4 81
56 32 93
46 64 173
31 27 135
86 77 219
65 12 146
23 21 69
80 97 226
96 63 224
74 5 140
17 38 92
56 89 173
86 43 149
59 40 152
12 43 59
99 43 175
86 98 209
17 71 151
44 12 154
27 86 149
30 55 130
79 37 206
83 80 256
5 15 50
62 41 203
71 95 257
85 73 218
79 94 189
5 40 85
71 75 235
76 58 164
22 3 103
55 57 203
17 9 103
100 94 202
65 24 185
55 29 117
76 1 77
10 38 126
77 37 118
31 88 187
69 66 227
17 77 164
31 73 129
44 60 113
96 83 217
18 72 159
43 63 205
1 18 32
64 50 163
3 29 49
19 34 62
39 58 163
26 1 117
75 12 110
84 16 144
52 87 219
9 54 105
64 68 137
55 19 148
57 68 130
9 88 120
73 86 194
46 77 211
79 27 206
75 14 139
96 12 204
24 40 133
89 32 132
68 97 190
30 46 166
38 85 162
44 79 123
22 54 76
87 58 145
37 65 102
26 66 92
69 71 140
22 12 34
42 59 101
40 7 47
50 54 104
50 78 128
77 75 152
58 79 137
91 75 166
45 84 129
52 27 79
82 85 167
99 20 119
85 11 96
95 7 102
40 55 95
27 48 75
67 97 164
72 21 93
56 98 154
99 48 147
7 16 23
24 23 47
76 65 141
60 93 153
65 4 69
22 35 57
25 94 119
18 91 109
11 15 26
72 100 172
56 56 112
98 18 116
8 41 49
3 76 79
60 31 91
39 37 76
51 96 147
12 64 76
35 10 45
41 99 140
47 0 47
11 8 19
82 12 94
85 26 111
27 93 120
7 57 64
58 55 113
80 53 133
25 88 113
27 70 97
61 13 74
62 83 145
13 9 22
53 96 149
86 96 182
94 51 145
87 5 92
36 7 43
7 80 87
26 35 61
67 33 100
32 17 49
54 12 66
33 92 125
51 66 117
19 55 74
53 55 108
100 23 123
