100
1.0 1.6 1.0 1.3 1.4 
22 15 52
17 71 143
82 2 162
98 30 204
31 22 153
42 24 114
74 61 180
16 99 130
48 34 123
79 44 155
13 40 147
89 76 215
27 33 84
7 78 169
46 19 97
55 59 152
96 2 121
55 2 63
51 61 174
87 49 192
26 38 162
55 42 164
80 16 110
56 17 135
61 37 136
92 53 166
98 73 201
55 58 163
61 0 83
18 25 44
19 21 123
26 43 124
58 48 126
82 86 256
77 67 167
76 66 213
93 92 211
81 6 97
51 72 145
26 33 152
17 88 151
56 66 126
88 0 101
30 76 137
6 52 157
84 1 181
66 33 175
54 95 239
58 90 236
29 10 107
89 28 190
95 57 152
14 77 91
33 84 117
32 100 132
33 47 80
68 51 119
50 21 71
33 39 72
17 54 71
58 2 60
90 68 158
15 71 86
18 78 96
15 5 20
46 89 135
22 30 52
7 53 60
45 95 140
46 99 145
11 32 43
23 88 111
79 55 134
27 98 125
58 71 129
45 28 73
45 62 107
93 25 118
44 54 98
44 2 46
69 77 146
10 5 15
86 72 158
90 45 135
7 11 18
9 34 43
25 6 31
62 62 124
69 24 93
91 68 159
37 28 65
23 12 35
10 89 99
30 60 90
41 7 48
9 43 52
25 2 27
88 6 94
78 94 172
55 36 91
