350
1.0 1.1 1.7 1.0 1.9 
76 92 250
71 80 193
38 73 146
88 29 217
59 46 120
42 46 148
55 96 247
23 61 113
10 6 107
14 21 84
66 9 139
32 18 52
91 33 222
6 20 117
63 2 67
95 98 242
36 6 67
35 68 124
50 36 92
61 40 130
15 4 51
88 33 219
100 74 244
100 62 258
48 30 156
11 74 89
62 100 172
41 41 147
29 24 103
49 87 209
24 4 106
99 87 261
69 75 181
76 54 223
47 33 95
50 7 79
74 78 193
44 27 116
65 49 211
74 89 236
82 100 189
78 39 156
10 88 193
55 25 169
3 82 159
71 9 111
89 18 126
73 53 163
16 1 30
23 0 97
99 69 221
99 30 151
31 9 116
66 78 164
23 67 99
4 47 132
63 48 191
100 61 241
33 89 195
29 77 142
51 54 133
8 32 102
56 2 140
48 22 132
65 3 88
66 63 227
91 18 116
24 69 127
16 65 149
39 53 179
45 6 51
27 27 93
90 83 208
37 59 111
77 83 177
24 54 87
5 22 109
35 94 194
13 60 169
26 49 110
16 18 80
51 35 163
58 10 116
46 86 133
72 63 215
54 50 120
99 57 164
44 15 142
83 64 181
44 21 152
37 35 127
52 59 192
40 22 105
38 41 138
60 77 195
23 26 79
89 60 170
11 23 52
18 8 45
29 77 194
6 19 102
72 30 199
2 52 125
26 21 72
52 47 119
9 97 159
56 76 227
75 12 149
89 64 171
19 5 62
82 87 251
72 91 236
60 10 149
63 27 178
90 61 230
74 76 205
59 86 226
63 93 204
69 33 112
86 89 266
46 0 78
34 70 154
18 72 93
69 6 166
64 50 156
46 12 113
5 92 103
56 68 167
27 86 115
70 55 180
84 90 250
60 85 213
42 56 156
98 95 203
47 78 219
15 47 81
2 85 148
49 11 76
31 85 118
61 15 172
22 2 89
52 28 150
28 14 85
3 78 164
100 54 223
46 31 96
64 72 230
73 74 188
62 75 168
11 81 108
38 97 184
30 30 89
38 99 142
6 93 106
30 90 193
97 34 170
52 80 158
18 80 122
18 83 148
83 44 193
63 82 200
75 33 182
20 91 163
84 23 150
28 39 101
69 58 151
41 92 171
64 17 164
43 74 157
62 96 242
7 49 86
56 4 92
17 22 77
46 29 133
88 88 200
57 81 187
37 22 59
23 65 88
17 9 26
15 39 54
84 40 124
100 12 112
86 5 91
30 56 86
33 94 127
58 89 147
41 36 77
71 2 73
96 10 106
31 98 129
98 14 112
80 65 145
82 67 149
65 58 123
56 35 91
38 44 82
36 31 67
13 49 62
66 18 84
17 18 35
9 70 79
50 17 67
2 81 83
57 3 60
10 3 13
74 68 142
82 45 127
78 1 79
5 5 10
91 83 174
53 46 99
14 37 51
42 23 65
82 53 135
14 92 106
4 55 59
33 80 113
7 47 54
65 36 101
6 19 25
50 26 76
8 83 91
38 24 62
32 0 32
65 92 157
43 17 60
96 6 102
32 6 38
35 24 59
4 73 77
41 53 94
88 91 179
15 92 107
46 67 113
39 3 42
39 24 63
14 22 36
42 59 101
48 7 55
43 2 45
27 45 72
40 46 86
33 52 85
82 74 156
86 9 95
70 48 118
83 66 149
61 39 100
50 15 65
82 20 102
19 58 77
82 97 179
12 64 76
14 78 92
16 4 20
91 21 112
42 98 140
2 12 14
15 62 77
80 17 97
83 72 155
75 7 82
11 32 43
26 29 55
14 34 48
71 55 126
99 64 163
36 60 96
94 79 173
55 69 124
16 63 79
65 61 126
9 7 16
50 85 135
51 90 141
74 55 129
97 55 152
37 90 127
3 90 93
35 80 115
96 34 130
13 11 24
23 15 38
53 97 150
69 100 169
21 79 100
58 56 114
15 7 22
82 9 91
84 20 104
67 97 164
17 77 94
88 18 106
94 62 156
77 97 174
61 9 70
97 98 195
64 27 91
98 44 142
25 57 82
2 13 15
70 2 72
86 60 146
41 38 79
100 89 189
99 47 146
70 93 163
47 88 135
95 70 165
71 13 84
7 44 51
83 30 113
77 70 147
9 81 90
65 37 102
26 92 118
63 54 117
66 64 130
34 84 118
24 13 37
47 81 128
76 49 125
96 41 137
75 50 125
99 14 113
32 27 59
44 37 81
27 85 112
88 90 178
22 2 24
64 49 113
49 46 95
78 17 95
91 28 119
84 91 175
85 45 130
7 0 7
7 53 60
23 21 44
88 28 116
49 41 90
64 65 129
27 98 125
45 9 54
76 33 109
69 32 101
81 59 140
84 42 126
69 69 138
60 70 130
