400
1.0 1.0 1.9 1.9 1.9 
49 55 104
74 76 160
10 58 100
10 7 25
19 46 71
40 46 101
55 32 135
88 13 162
78 91 233
80 23 114
88 69 175
11 51 118
44 12 108
31 67 157
96 14 145
20 75 119
25 56 110
94 83 275
43 97 160
64 57 127
76 58 204
90 22 177
2 63 155
60 72 203
66 38 165
58 23 149
14 34 127
24 96 129
14 63 177
47 86 189
35 99 160
99 42 236
87 45 191
21 30 110
41 94 140
59 74 226
81 90 259
40 74 127
20 70 96
28 72 200
91 30 193
41 1 57
74 2 142
59 61 186
49 76 131
64 62 204
42 69 209
53 54 182
14 54 73
63 33 160
74 35 187
69 25 188
8 59 164
3 50 101
54 4 86
9 95 136
94 32 178
3 99 186
94 77 270
60 16 116
34 93 128
49 56 194
78 47 200
4 51 88
67 10 167
19 86 173
24 83 119
96 57 247
97 53 240
84 90 249
87 8 162
88 78 227
63 83 164
100 14 143
47 98 148
3 39 132
72 15 127
88 96 246
55 2 149
34 48 95
82 22 161
7 51 88
69 77 152
79 28 158
15 42 119
14 67 135
87 70 233
45 93 181
34 57 159
34 97 149
17 23 42
100 35 165
78 46 124
68 47 192
26 66 136
68 68 236
38 25 159
29 21 124
5 82 147
6 57 149
28 98 149
38 100 211
6 89 96
27 44 152
55 39 190
65 38 146
34 60 173
18 30 74
80 73 232
51 33 85
7 51 100
32 11 139
32 55 101
37 38 138
5 34 50
90 96 248
94 58 248
48 56 167
79 75 163
84 89 242
7 23 40
28 10 86
52 63 158
81 20 122
45 23 144
48 7 118
66 42 189
35 68 203
86 57 154
28 97 207
95 62 226
82 76 211
59 63 152
4 26 91
15 68 85
94 72 202
5 37 107
69 4 111
18 94 188
70 50 206
77 40 164
53 56 153
16 45 145
6 8 14
7 90 179
6 78 116
63 5 89
38 89 220
66 3 69
21 84 201
23 47 74
94 37 178
80 29 132
59 22 131
47 75 204
94 59 207
96 25 137
2 87 108
5 100 204
9 37 122
22 69 167
56 47 202
65 8 115
97 31 168
28 93 194
41 71 144
94 58 189
47 9 85
94 86 257
28 24 65
27 54 107
55 10 69
35 90 141
63 11 165
77 36 140
72 69 156
62 64 220
86 28 175
95 93 214
100 4 176
32 28 140
64 19 151
12 67 162
30 28 93
8 8 50
69 81 176
62 93 174
63 98 180
53 56 116
60 78 192
92 93 220
67 74 203
49 0 60
98 95 247
25 74 193
17 88 149
68 27 178
18 28 51
44 65 198
55 94 172
75 58 212
18 34 52
60 87 147
29 21 50
58 20 78
80 40 120
42 99 141
22 6 28
28 20 48
97 42 139
22 14 36
47 94 141
42 100 142
65 77 142
47 81 128
21 93 114
72 76 148
74 16 90
44 68 112
86 54 140
43 90 133
60 32 92
94 44 138
85 7 92
82 40 122
94 87 181
44 49 93
63 69 132
36 53 89
79 42 121
43 84 127
83 1 84
1 66 67
59 27 86
11 52 63
73 56 129
46 66 112
52 19 71
97 0 97
39 88 127
87 81 168
37 23 60
14 44 58
7 63 70
30 68 98
9 34 43
25 100 125
38 96 134
8 84 92
38 10 48
54 18 72
18 4 22
59 44 103
2 46 48
25 50 75
11 28 39
31 8 39
61 7 68
36 65 101
13 66 79
92 72 164
78 3 81
36 19 55
70 45 115
99 18 117
59 99 158
86 86 172
96 96 192
25 91 116
6 23 29
16 1 17
27 89 116
83 14 97
100 69 169
74 27 101
44 66 110
61 84 145
45 2 47
74 81 155
40 4 44
59 99 158
70 0 70
17 6 23
71 15 86
39 67 106
2 82 84
93 91 184
50 37 87
86 10 96
67 71 138
46 47 93
33 87 120
1 82 83
31 2 33
73 88 161
55 50 105
81 90 171
72 86 158
44 10 54
31 77 108
49 24 73
34 73 107
49 52 101
54 97 151
63 71 134
50 5 55
56 0 56
22 25 47
49 3 52
14 41 55
88 11 99
16 36 52
55 100 155
55 22 77
34 17 51
48 38 86
17 92 109
88 83 171
12 87 99
48 18 66
51 39 90
100 97 197
85 92 177
3 54 57
29 65 94
50 13 63
85 57 142
86 45 131
10 88 98
31 65 96
74 68 142
65 27 92
47 15 62
35 97 132
29 93 122
14 96 110
22 97 119
73 45 118
4 68 72
10 10 20
94 61 155
29 40 69
38 78 116
40 66 106
86 66 152
40 32 72
56 35 91
54 91 145
77 48 125
17 15 32
30 5 35
89 87 176
58 5 63
83 47 130
32 85 117
60 64 124
64 32 96
82 99 181
44 91 135
39 61 100
29 72 101
18 93 111
36 83 119
1 91 92
41 93 134
94 3 97
22 84 106
10 13 23
84 12 96
25 21 46
89 2 91
74 7 81
47 34 81
56 16 72
92 30 122
61 32 93
14 61 75
25 65 90
28 4 32
7 4 11
91 23 114
30 61 91
92 78 170
82 81 163
88 69 157
27 34 61
97 100 197
24 5 29
84 94 178
67 41 108
88 75 163
78 57 135
64 67 131
8 88 96
90 52 142
76 30 106
87 37 124
5 7 12
90 87 177
16 21 37
