100
4 18 88 2300
6 9 40 990
14 17 74 588
19 8 95 1358
10 5 22 1248
6 1 98 2470
12 6 63 2256
3 2 63 2139
7 6 96 2024
17 13 78 728
3 5 64 1620
18 4 54 2403
16 13 40 1760
7 19 49 1479
14 7 43 1204
13 4 48 1445
8 8 62 588
20 16 77 1743
13 14 47 1804
2 17 97 2025
14 16 64 1680
10 8 50 1422
7 4 83 1560
14 8 24 1309
14 13 54 152
10 4 30 450
1 8 86 962
3 15 50 1825
6 12 75 1368
20 10 76 1917
8 1 50 770
2 13 69 414
8 16 95 1156
9 18 66 1139
5 19 22 858
6 4 78 520
5 1 90 640
7 14 83 1575
13 13 51 1488
15 4 69 1647
2 19 24 540
6 7 72 649
7 2 86 1044
4 9 84 399
10 17 24 168
9 11 51 385
11 13 45 1080
20 18 64 1060
1 14 75 52
4 20 89 408
13 1 31 500
9 18 28 588
14 16 54 1056
3 11 29 987
10 7 63 230
10 6 96 450
10 2 91 748
1 20 96 516
4 10 99 798
13 9 72 1107
11 8 27 200
1 17 58 741
9 19 85 912
15 12 22 370
11 15 53 360
1 3 78 735
20 20 85 374
8 19 25 198
13 5 65 512
8 13 62 496
4 17 55 600
9 2 96 551
10 6 62 224
19 8 93 675
1 9 60 286
6 1 29 225
2 5 61 600
6 12 41 575
11 16 94 330
13 12 50 189
4 14 89 120
17 6 51 114
10 8 71 324
10 15 43 357
9 16 44 288
11 9 76 285
3 18 71 168
19 11 51 325
18 11 77 12
3 17 42 44
6 6 48 230
9 20 64 99
20 11 37 216
20 14 84 7
9 16 87 138
15 13 87 15
20 16 88 52
5 7 20 57
7 19 80 6
13 2 83 19
