200
7 6 34 200
2 5 46 2587
13 5 98 1188
7 10 97 3349
8 5 90 4312
11 14 95 4680
9 1 76 4268
2 6 41 1737
11 1 94 1536
17 3 94 3438
15 19 29 2850
7 5 28 567
7 14 90 2444
12 2 62 3553
7 14 87 1488
2 2 75 2035
17 15 46 2944
10 3 45 2379
5 16 74 4550
14 1 74 4887
12 6 75 2340
9 19 56 716
9 13 38 1602
7 16 55 708
5 1 22 880
18 8 53 1050
3 2 40 4350
1 10 23 2076
5 15 36 3784
10 5 77 855
1 9 22 2380
8 20 79 2873
8 16 37 840
16 20 80 3507
4 7 59 2988
17 11 22 2970
15 14 45 1804
6 3 65 1793
7 11 87 648
17 6 85 3703
5 11 42 2080
10 16 23 795
2 7 96 3950
10 9 37 3140
11 2 22 2652
3 4 64 2480
16 18 96 3080
4 19 98 3060
15 1 35 2888
8 12 43 3171
2 11 89 2700
20 16 54 4023
14 9 57 1776
11 12 20 2205
18 8 75 1168
20 8 56 3625
8 18 39 1296
20 13 24 2431
2 8 41 3550
20 2 43 2538
11 3 30 1960
5 16 88 2224
15 14 52 1932
6 18 36 959
20 12 94 2176
6 6 37 2160
8 15 44 536
8 10 45 3591
20 15 42 1056
20 5 59 2882
9 20 83 1300
11 3 88 2709
16 8 55 128
15 16 51 3048
8 1 84 2772
15 8 32 2125
12 1 26 992
6 3 82 1476
13 10 41 122
15 8 44 726
12 5 26 840
18 15 55 3213
17 18 84 3068
10 5 25 1755
17 8 97 464
14 2 47 2070
14 13 63 456
13 5 55 1469
16 7 86 2464
20 18 27 2220
19 9 94 2860
16 9 69 654
9 9 68 2592
4 12 64 2782
18 3 47 2014
6 14 35 2520
4 20 61 1768
19 17 95 1030
11 7 56 2448
15 8 66 2020
10 11 40 1300
4 9 27 1584
3 7 52 490
5 18 69 388
12 6 67 480
2 8 83 2280
12 19 69 1034
5 10 38 372
7 19 28 2116
13 2 31 2366
20 10 60 720
11 2 99 801
3 20 70 2288
14 12 72 348
8 1 40 1032
12 12 50 2125
20 6 51 168
16 14 56 1826
3 5 44 1722
19 19 50 81
3 20 56 2160
16 7 53 1975
14 3 81 1248
11 10 72 770
13 16 60 608
19 11 59 375
2 2 39 740
10 2 36 1898
13 18 68 1728
16 14 100 1633
4 19 87 1190
1 17 39 966
1 8 56 544
4 12 82 871
18 3 26 1254
14 2 22 910
10 13 26 704
8 7 89 882
7 3 60 868
6 6 68 244
18 7 38 900
19 8 56 1534
11 13 73 1508
11 11 26 1254
6 5 60 1344
18 10 58 330
20 1 85 756
18 16 23 954
12 3 71 52
1 10 98 153
16 20 82 1000
16 5 37 588
16 11 21 144
6 11 69 846
13 8 47 230
6 7 100 540
2 10 92 1100
6 17 48 774
1 6 93 378
17 1 70 410
19 18 63 400
14 4 51 234
12 11 63 456
2 20 65 148
17 18 75 684
1 16 60 665
11 7 23 204
14 1 91 693
8 8 64 672
7 14 40 279
3 16 70 180
3 14 64 493
5 12 33 448
2 16 58 513
1 2 21 338
7 4 20 275
18 14 38 24
2 11 75 575
6 10 28 22
9 11 97 231
13 13 30 140
11 17 94 95
16 5 58 414
19 19 94 17
15 1 99 128
7 20 67 165
2 10 95 168
2 18 69 325
2 2 24 24
20 10 52 121
4 20 40 270
3 6 99 18
12 13 99 24
17 8 68 49
3 11 69 132
20 5 34 10
18 6 91 52
18 18 48 48
3 9 37 14
10 13 46 14
