450
20 3 54 5400
18 9 52 1077
16 9 26 1164
9 5 45 7599
1 10 66 7136
5 18 56 445
11 10 89 4884
4 15 37 8860
17 13 67 1105
15 9 81 1323
7 14 75 5280
15 16 20 439
11 20 42 1007
1 14 25 6555
19 20 77 6976
13 2 39 4350
14 6 23 4340
17 15 69 3031
10 12 21 6480
4 16 70 1077
9 15 47 6450
4 4 85 1115
20 19 52 7704
12 13 32 1110
14 7 57 426
12 16 70 5525
2 9 36 8056
17 7 81 6345
8 1 54 1139
15 2 30 1052
10 15 97 1008
19 18 72 4190
1 16 56 2926
18 10 27 1000
9 15 44 4992
9 3 97 5810
2 10 97 3726
16 2 50 1652
10 15 29 1030
15 17 83 4110
2 4 43 5740
11 10 81 4090
16 9 61 1020
8 3 60 8140
20 3 71 8120
8 4 73 6075
14 13 58 4444
10 10 93 6448
16 3 40 4020
18 19 42 7619
6 3 72 9200
14 3 57 6783
12 16 90 7960
1 18 97 1985
11 11 48 6732
12 5 70 7110
18 5 84 3152
20 11 44 7860
11 8 88 9408
6 8 41 8602
15 1 86 2730
2 7 21 3501
3 16 71 9700
11 20 68 8514
17 4 35 4632
15 15 91 6545
16 18 46 1920
16 13 66 6128
19 2 46 5730
3 18 74 6858
16 16 79 3040
20 7 64 9854
18 8 80 3024
14 10 32 5655
2 12 90 3008
18 7 34 4125
9 5 86 7106
19 20 59 5222
3 12 35 7812
11 5 88 9275
11 1 47 1480
9 19 29 9963
16 10 45 8096
13 8 72 734
15 10 65 1464
13 12 31 5110
8 11 92 2548
6 18 82 9075
20 14 86 1810
5 10 30 2166
9 17 81 8280
7 5 50 2154
14 20 94 7876
3 17 72 9639
2 13 65 356
2 11 85 2130
9 15 24 2832
2 19 28 6354
8 15 67 7744
1 11 68 8424
3 5 93 3850
16 2 49 3141
7 12 86 6612
10 11 43 6940
11 8 57 3114
3 15 53 2760
20 20 88 4816
13 10 46 5145
11 13 69 6840
17 3 93 6479
1 19 92 1020
15 7 49 8814
1 3 83 5408
15 20 74 5392
6 12 52 672
15 5 43 8710
7 9 77 2672
12 9 72 8658
6 20 86 1660
20 18 59 4634
15 14 78 1650
8 8 64 7238
19 19 87 1640
17 9 44 5559
11 5 32 4564
6 4 42 5200
2 13 53 4212
16 12 34 646
16 19 68 7406
18 20 73 8667
1 16 54 3200
15 6 37 2552
15 18 64 7314
7 13 54 7925
15 7 70 1264
6 9 65 5670
20 13 83 3140
2 9 56 7825
17 18 54 3120
14 1 28 1866
10 10 56 5270
19 13 95 3090
6 17 98 6468
6 3 89 7982
1 10 57 612
10 8 27 1830
3 15 67 7296
13 19 26 6060
18 4 80 8154
11 12 20 8127
15 5 53 4800
17 16 83 4485
3 20 58 6556
13 18 27 7128
4 18 78 7696
10 19 30 2655
12 17 52 4998
12 15 37 3809
18 6 45 3504
12 11 21 1746
2 13 99 6960
15 5 96 1445
18 13 60 6336
4 10 58 6314
13 2 90 7722
18 14 88 2565
1 9 64 6532
19 3 58 2830
7 7 90 1692
13 9 73 1124
7 16 34 2520
14 2 74 5022
11 11 29 5838
8 15 78 2216
15 10 91 6348
18 1 28 1925
19 12 86 2740
17 7 24 4914
10 7 42 1904
16 5 21 542
14 18 29 5670
3 5 54 1076
6 6 75 3752
7 8 91 2136
10 17 51 1596
1 12 39 2915
12 18 50 4224
2 17 46 789
10 7 84 1048
1 19 59 6264
1 20 81 4160
4 13 96 518
6 20 47 6708
4 15 70 6682
5 8 70 4096
3 10 33 3825
10 16 86 3810
13 6 92 5060
9 5 73 2016
8 9 83 6526
12 8 43 3500
17 13 26 3237
12 4 88 992
12 9 52 1729
2 7 53 3690
14 13 63 3185
4 9 65 5124
1 12 20 972
10 5 93 6292
2 12 68 3615
18 15 83 5280
14 6 99 3107
17 3 31 5474
8 17 75 6162
8 18 27 6372
11 14 49 235
20 2 88 234
4 8 34 4893
13 18 81 2784
5 5 74 462
8 20 75 4370
20 16 97 1374
7 15 79 3192
14 13 95 2043
12 9 61 4746
1 9 38 2250
19 20 64 3136
16 4 96 4014
3 9 40 3330
7 18 66 221
13 3 67 5280
12 4 83 3723
8 2 66 5450
2 8 26 3255
6 12 66 2376
12 3 39 430
14 14 79 5136
13 4 33 1491
2 6 51 4664
10 7 80 1055
14 7 65 1260
16 9 58 3135
7 6 79 4160
17 10 41 3726
16 14 26 4120
15 2 56 4100
18 2 77 5100
14 12 48 5075
8 13 92 4444
3 2 98 3216
17 12 75 1400
20 16 47 2189
1 2 42 594
1 16 99 197
19 6 61 5292
8 4 42 390
1 14 21 2910
14 7 45 4246
4 20 23 4992
3 19 97 1146
2 7 57 5130
4 17 63 4725
15 9 20 376
17 7 81 3553
13 5 44 4278
10 11 55 925
5 8 24 2944
14 18 65 1098
3 19 62 3458
5 20 32 3439
2 14 78 3780
8 2 50 1432
9 17 54 2492
14 1 38 531
10 15 54 704
8 4 78 525
19 6 69 3132
20 19 70 3979
7 3 99 2924
3 14 93 1539
13 13 36 510
8 14 63 4563
12 17 92 672
18 8 29 1670
18 10 24 996
15 1 24 1650
3 11 90 4428
15 7 95 1467
1 7 62 648
6 15 20 322
3 19 63 1120
4 2 84 4134
7 19 83 158
19 2 22 942
17 12 41 3744
3 15 21 1550
15 19 80 2772
13 9 27 3672
16 6 92 3344
15 2 64 604
4 18 82 2400
13 1 80 1341
10 2 28 3108
8 12 97 147
8 7 97 146
6 8 26 2320
18 6 29 864
13 3 62 3432
14 13 84 710
19 5 84 1833
1 19 43 3500
2 12 37 3336
2 15 22 1656
6 1 85 3425
19 13 54 2312
6 10 26 135
7 6 28 2814
9 20 39 2394
6 8 59 3300
20 6 97 2096
13 8 81 3250
9 1 89 1935
7 10 49 768
2 12 63 2032
9 16 35 1512
3 11 88 1750
17 18 66 992
17 11 27 492
16 13 53 2196
4 16 95 968
11 6 21 360
3 3 63 2142
5 8 66 2006
5 9 49 702
1 14 68 348
5 9 56 1955
14 15 79 342
6 10 77 1356
5 13 65 1008
9 14 49 1443
19 12 35 330
11 6 90 436
5 20 88 2916
8 5 95 2140
13 13 32 212
11 4 80 2205
4 17 56 104
8 4 93 1545
10 3 71 1938
4 18 20 505
20 16 33 2200
4 1 92 1980
14 10 91 2156
19 5 41 291
2 4 46 192
20 4 42 1710
17 4 43 2256
11 4 32 558
12 8 69 1196
11 19 26 1365
14 5 65 2250
5 20 45 356
18 6 66 2376
8 12 32 1131
8 14 53 1720
4 4 54 2040
19 16 99 1092
4 6 99 1577
15 3 28 1230
17 7 64 1215
13 10 35 880
2 16 72 474
4 11 20 468
5 18 87 77
17 14 70 1672
11 1 81 825
4 16 62 148
3 11 83 1825
15 2 76 1800
20 6 78 994
7 8 80 980
15 8 80 483
2 13 49 1496
10 7 97 1139
18 1 85 1782
12 9 53 780
16 20 82 128
8 2 20 1575
4 12 25 1302
14 18 51 488
12 17 54 960
20 9 42 1475
20 7 44 1392
10 7 85 342
7 1 24 672
4 4 100 1320
17 19 83 1188
1 12 53 636
1 17 72 1040
4 7 85 1326
17 1 77 550
1 4 95 343
4 12 93 1152
18 8 85 1175
12 5 66 276
8 17 26 495
11 3 35 308
17 20 93 86
6 3 82 42
4 7 88 820
8 16 61 200
9 9 44 897
7 8 34 570
17 13 85 148
12 12 54 612
17 17 49 630
20 5 60 714
5 16 42 330
15 3 96 704
12 6 86 186
9 16 100 420
5 6 88 406
2 18 47 392
7 14 47 729
2 12 77 520
12 8 55 400
10 18 82 360
19 9 52 322
18 3 42 220
1 7 52 147
9 19 63 160
10 12 31 437
18 3 59 270
12 2 38 119
10 19 45 112
11 19 94 375
14 12 23 112
17 17 52 117
12 4 85 252
17 12 74 143
15 12 58 30
15 9 33 162
14 16 62 144
8 7 35 70
1 5 91 120
20 15 83 90
4 19 21 12
5 18 32 21
5 10 92 52
13 10 55 18
