500
13 15 97 7500
10 17 81 3992
20 7 86 3486
12 7 49 1491
14 18 64 3968
10 6 43 1237
14 3 83 1976
9 13 80 1972
13 14 93 7380
3 16 38 1031
15 7 21 2940
2 14 40 1173
8 12 59 488
6 5 60 2435
15 14 83 5346
8 14 73 9700
19 13 83 8712
14 13 97 9177
6 15 99 1060
17 11 24 6734
19 10 42 1152
16 4 91 1149
16 13 32 1242
2 6 77 1908
19 1 43 1142
11 8 95 1045
4 16 95 2370
6 20 58 7095
3 6 53 2832
2 14 25 1224
12 15 75 8460
19 12 31 7035
19 9 52 5148
7 20 39 1214
5 13 91 1258
2 18 88 3720
15 6 85 6960
8 8 47 1111
6 20 35 7392
3 4 97 4149
1 2 79 4600
1 12 33 5508
10 11 20 1374
13 6 81 3199
6 12 47 3192
20 16 69 8190
14 2 22 1135
15 13 80 2718
16 12 94 1130
5 4 31 451
14 10 92 3600
16 16 65 3592
11 11 44 8960
3 8 24 1788
13 15 55 3122
10 15 61 8900
17 18 95 7104
3 17 44 5316
17 17 71 2652
8 10 54 2646
16 6 81 1760
7 20 92 4390
14 15 40 1007
20 20 57 3933
2 4 70 1090
1 8 40 8700
9 6 65 6076
14 19 53 433
7 9 55 8640
8 19 97 3017
1 14 78 1118
20 1 22 2574
6 3 94 1112
6 15 37 854
14 2 44 9372
11 14 22 1147
7 2 51 1102
12 7 34 8037
19 8 23 2110
20 6 21 5473
1 19 29 7140
14 16 20 838
2 18 32 7524
18 20 60 5421
18 16 78 4992
9 16 24 2905
15 10 34 4968
4 5 38 2065
10 17 33 9064
5 19 44 3699
6 11 74 7380
14 19 100 8180
3 4 77 6936
5 11 81 2442
15 9 52 8120
16 19 98 3645
3 11 57 8888
18 6 53 403
20 6 20 1005
7 17 43 6817
13 14 27 9200
3 9 75 1077
11 1 62 5174
15 13 27 4367
17 14 59 7524
4 15 86 1975
11 3 46 394
14 10 83 393
18 9 26 1058
13 4 90 7820
13 17 35 6240
8 14 86 9725
18 4 96 1008
8 19 81 5031
8 12 64 2702
4 2 82 1540
20 8 26 7296
18 17 59 6894
18 2 54 2292
17 20 52 6477
9 19 20 2660
13 19 47 379
18 4 35 9072
14 13 79 6409
18 13 58 9776
11 19 27 9000
15 10 81 7106
12 16 91 1007
18 1 48 4836
10 6 28 1001
9 2 72 370
2 5 44 7749
20 3 96 2576
20 16 91 8074
4 1 88 4026
9 1 53 7300
11 6 58 5824
16 13 20 6534
6 19 53 4344
17 15 41 7581
12 16 26 6840
1 9 43 5026
12 15 82 9666
15 12 76 1071
17 14 99 4272
10 15 49 7810
1 12 89 1062
9 8 79 7413
9 14 98 4928
1 20 36 8775
1 10 35 1400
9 9 79 5584
5 16 32 3828
11 20 98 347
6 11 25 9342
5 3 97 7590
2 18 56 688
15 4 45 7546
16 12 56 2736
6 9 74 1023
12 8 27 6120
13 9 39 1017
6 11 23 7098
7 1 71 7414
8 3 38 8736
8 8 29 7035
8 14 86 5344
3 5 57 2664
4 3 68 3984
1 5 83 1986
12 12 69 8580
19 7 24 5593
14 15 100 4264
1 18 56 654
6 13 49 3260
4 7 43 8450
18 3 98 3564
2 5 91 2261
19 10 74 1288
7 7 22 2889
18 14 72 2560
11 8 54 957
6 10 34 2862
20 10 57 3170
5 9 52 2844
4 14 88 3150
13 16 40 8164
9 1 82 313
3 19 91 5928
2 10 84 622
14 12 28 2790
17 1 57 4635
1 9 40 308
13 2 26 3070
13 7 81 6426
17 10 74 6405
7 15 47 608
19 11 64 7575
18 11 80 4530
10 9 77 3010
12 12 29 1200
5 7 76 3588
1 15 43 5662
13 4 51 2673
14 20 47 7400
14 2 88 5015
16 14 80 294
8 9 41 3516
15 14 91 7592
10 12 82 6984
4 18 69 6380
17 7 72 6358
15 8 44 5760
3 17 50 6888
16 18 40 2288
17 3 60 1140
9 3 26 1704
16 5 56 1698
2 10 58 2538
15 11 90 562
9 13 61 2800
10 20 70 1953
5 20 83 1390
12 7 83 6648
19 2 29 1104
2 4 83 1375
6 11 86 2466
12 9 70 6006
5 20 48 7344
4 13 65 5962
6 16 88 540
1 15 60 3228
9 9 74 6968
10 6 76 4005
8 5 24 5054
6 17 53 4770
19 14 73 5544
9 6 84 2104
17 20 61 2096
17 9 30 4698
9 13 22 780
2 20 25 3885
18 8 87 4902
20 20 29 6425
8 9 56 3328
3 8 63 4845
17 18 44 2794
10 9 94 1771
2 1 79 1260
16 10 84 4016
18 20 55 5250
6 15 56 2241
3 8 26 992
6 6 66 3952
19 19 98 2214
7 20 72 245
16 20 87 4148
13 14 24 3888
11 10 85 968
17 6 95 3615
4 8 75 5520
12 1 90 1434
8 10 93 476
1 5 25 2844
5 13 98 5900
4 18 75 4465
12 1 77 4446
16 11 76 3495
14 15 68 4176
12 12 44 462
5 16 59 1380
3 15 62 5725
1 4 66 1368
15 13 43 227
18 11 31 3390
17 10 39 4500
1 2 23 4256
1 11 42 5798
15 3 91 2220
6 19 92 2431
9 12 79 2640
14 11 72 2190
4 4 63 3270
19 14 72 651
12 1 54 2592
17 9 85 4515
19 19 55 3210
3 6 71 2982
20 11 56 1272
6 3 60 3376
6 18 42 5040
19 4 83 2508
3 10 94 4992
18 7 71 5382
19 18 70 4326
1 8 76 1435
17 7 97 2856
10 10 27 609
16 7 25 4848
8 13 62 3618
17 17 90 3800
17 18 32 4179
13 3 88 1584
6 10 43 1970
19 15 99 2548
3 8 30 4875
2 1 65 388
5 12 89 4053
20 10 26 4224
19 18 66 3247
12 4 81 4940
9 2 45 3213
9 19 71 564
8 8 63 2618
8 8 61 4836
5 9 71 2775
8 13 57 4048
4 7 29 2013
4 9 25 728
17 8 65 3077
19 14 86 4320
10 3 32 3401
12 17 33 4628
13 12 40 2124
6 4 72 4400
10 19 32 350
18 13 30 1566
16 16 60 3460
14 20 21 3784
3 7 74 2736
19 13 80 1020
9 4 49 2197
11 15 63 1512
15 8 54 501
16 16 90 4482
9 15 71 1320
8 5 51 4264
3 9 52 978
13 14 60 1296
8 1 64 966
13 17 75 640
2 15 50 159
15 15 41 1738
19 1 89 3925
10 15 71 3276
8 4 96 2790
5 8 37 1540
12 17 91 2448
20 10 63 3344
8 7 58 1057
20 10 23 4050
2 11 62 3427
19 2 75 2220
20 6 26 1323
2 5 47 584
16 1 74 1450
2 20 50 3456
4 20 86 3718
9 11 31 1846
6 3 66 1974
10 16 90 3220
7 20 74 417
18 18 49 3036
15 5 94 2466
4 15 22 816
5 10 94 3375
4 15 46 1608
12 13 67 266
4 7 46 3432
9 9 79 262
17 11 98 2860
7 20 46 3354
18 12 94 1920
12 14 37 3175
19 11 23 1008
5 17 74 625
1 16 100 868
7 12 47 123
16 13 67 3050
10 17 89 2057
17 10 62 1920
7 4 96 3094
9 7 68 2360
8 19 67 117
5 13 47 1624
17 7 78 1495
15 20 42 1140
13 10 71 1243
13 3 62 2912
11 7 58 2109
3 9 54 660
19 9 87 545
19 4 27 2700
3 8 29 321
7 10 90 2120
14 4 29 1575
20 2 98 936
12 7 77 309
5 5 71 102
1 18 68 303
1 14 36 900
19 2 96 1287
19 5 30 1470
14 12 58 1164
13 16 78 672
18 13 72 1805
13 20 88 1692
15 12 32 1209
9 17 61 1748
3 18 28 1092
2 18 96 900
12 16 43 979
8 4 47 1320
19 8 33 957
10 5 68 430
9 16 42 1700
5 17 90 1008
7 7 100 747
14 5 39 902
15 11 25 1134
16 18 37 480
4 9 51 2054
17 5 29 468
17 1 66 1155
9 1 65 608
17 1 50 1275
6 10 51 1406
1 16 82 1606
4 10 87 648
17 4 96 1846
15 18 43 1750
14 9 88 345
12 13 82 476
8 11 84 603
2 14 90 924
1 14 59 455
18 2 47 1472
9 13 32 630
15 10 58 1550
4 20 90 366
18 8 100 1020
6 6 87 826
7 1 40 406
12 5 58 570
4 17 84 952
7 19 42 165
3 11 55 648
5 4 38 1272
16 1 32 104
8 14 73 102
1 10 100 800
19 11 100 735
13 16 49 720
8 1 92 564
2 18 28 1150
16 14 77 360
3 19 52 132
20 9 25 1032
20 3 61 42
17 18 20 164
16 8 41 880
2 1 25 195
7 9 26 988
3 13 37 407
13 14 30 684
3 17 65 315
11 1 95 204
9 17 38 792
4 18 23 32
18 14 46 372
4 2 36 330
15 3 81 464
5 3 44 84
12 15 77 108
13 7 38 624
9 3 53 250
6 13 41 624
18 12 70 483
13 3 76 506
18 7 66 336
12 15 57 160
16 14 66 228
19 15 41 378
8 12 37 51
4 15 91 80
20 19 67 180
9 8 30 168
8 2 34 286
7 15 67 300
3 3 45 231
11 13 28 30
16 12 47 243
14 4 33 40
6 14 26 161
19 9 20 6
15 10 78 40
9 5 62 20
1 19 82 6
9 13 44 48
5 14 77 9
