350
15 17 52 5950
13 12 20 7678
8 14 32 4524
13 14 38 4858
7 14 42 9342
5 6 44 1035
4 7 23 5848
6 2 69 2744
20 6 88 7182
18 2 68 5797
5 20 50 4420
16 8 98 7797
7 6 62 8450
17 2 98 6066
10 5 20 3024
2 6 67 1675
16 10 42 2672
8 9 82 4329
9 15 30 5312
2 13 62 5627
2 12 63 5280
12 20 99 5922
1 19 88 2624
17 14 42 8502
15 14 75 4890
7 2 97 3900
5 16 49 5832
15 12 71 3876
13 4 78 8694
20 6 46 4815
2 1 27 3200
17 8 23 319
17 6 72 4134
7 5 68 5706
17 17 99 2528
12 19 35 2835
14 2 84 314
10 7 39 7199
2 2 31 4056
7 3 98 311
6 7 71 4030
8 14 73 5253
10 18 80 4004
8 17 20 1842
19 13 46 5508
13 1 50 1220
19 11 35 7600
1 6 44 3636
17 13 65 2416
1 4 98 3010
6 12 45 600
2 19 74 5083
16 16 69 6556
5 10 61 4752
18 17 46 7992
16 17 80 7375
20 13 41 7350
11 8 44 4688
18 17 64 7008
1 13 81 1164
13 4 30 580
4 15 58 2312
7 19 25 2592
17 13 31 1722
7 13 47 2002
4 15 53 3990
2 1 87 3408
9 9 55 5943
3 13 96 6486
4 8 92 843
18 19 30 3640
11 13 51 6975
7 3 53 4726
19 15 27 554
11 13 43 4416
1 10 66 1100
6 17 20 2740
10 16 99 3822
17 10 47 6528
1 7 60 6504
14 1 56 6480
9 4 21 4573
6 16 100 3484
9 15 58 1335
14 4 46 2926
8 19 73 4770
5 18 29 4752
11 14 97 1315
13 4 79 4454
3 1 24 6003
6 5 39 6240
11 18 97 4921
20 6 69 3096
20 19 49 1542
13 6 63 3072
11 10 50 5610
5 10 34 6858
14 18 43 3542
15 7 94 5796
10 13 97 6275
1 10 90 6250
2 6 84 4731
12 3 26 5704
20 12 50 3705
6 2 37 6642
10 15 70 3430
1 8 30 5124
19 14 100 2430
4 10 55 2662
11 9 92 2169
19 19 41 2640
6 14 82 1912
6 17 57 5712
1 15 58 2844
8 1 74 3068
1 9 98 940
18 17 83 6318
13 15 36 2330
3 20 75 3480
13 1 96 4158
3 5 53 5290
7 20 20 916
7 8 45 3420
12 19 28 4086
16 8 78 2486
14 3 87 5175
13 10 54 1120
14 3 80 5575
2 9 94 5994
19 6 22 221
15 4 28 3960
15 8 31 5475
18 11 31 3270
15 5 40 217
12 4 69 5616
20 18 69 1290
11 19 92 3638
10 11 26 2130
8 6 36 4664
14 1 71 4009
16 4 30 4830
3 3 62 627
2 3 37 2496
20 19 76 4968
2 5 68 3296
11 15 56 205
14 9 61 4284
14 14 22 5075
9 10 82 404
20 18 77 201
13 12 99 4000
10 5 98 995
11 12 62 198
14 11 79 591
7 2 55 2744
13 12 69 1170
19 13 40 4462
1 19 82 193
19 11 49 2688
17 17 100 3629
4 20 74 3990
6 13 77 3591
1 4 98 940
1 1 86 4862
9 12 53 3162
14 13 53 2590
17 18 25 4600
17 20 95 1464
19 9 40 3822
16 5 41 181
7 3 79 3960
1 18 72 3938
9 4 90 3916
20 4 97 1416
4 7 84 2992
4 17 48 3150
10 18 28 522
13 19 75 3806
1 15 40 3268
1 5 61 1710
14 5 91 2890
2 13 55 845
2 19 46 2688
7 19 77 3173
7 7 25 1494
9 15 98 1485
18 3 44 4264
4 13 87 2119
5 4 76 2916
15 19 54 3864
18 9 52 3200
9 18 70 477
18 5 51 316
12 14 56 1570
20 6 42 2652
17 14 91 3255
16 15 78 924
5 20 69 612
4 17 60 3192
18 18 69 1057
8 11 80 600
5 8 80 447
9 19 56 3996
19 10 58 294
19 19 84 2190
10 3 69 580
3 20 98 2304
7 14 85 3003
18 16 73 3834
20 3 84 1692
1 20 46 700
5 18 74 1807
1 6 40 828
16 11 85 3151
6 6 78 2176
8 1 40 2295
13 8 84 1072
6 4 33 3591
1 4 31 1320
1 18 64 2882
3 9 46 1170
13 13 79 3225
17 6 90 1408
19 19 96 2794
4 15 33 2520
6 7 84 3375
13 17 80 868
15 4 38 2583
18 16 96 1098
3 13 63 242
6 5 57 2040
14 2 25 952
13 11 44 236
15 10 33 468
1 15 100 464
16 15 38 1840
19 14 45 798
4 7 97 791
13 10 42 2352
4 18 50 2109
8 15 59 2310
2 18 42 654
19 15 26 2268
6 7 52 642
10 1 32 1060
8 18 92 2625
1 2 45 2808
17 13 66 309
3 11 46 1938
13 11 63 2727
5 5 34 2500
14 7 31 1287
16 2 87 2156
9 2 76 388
15 10 32 1536
10 17 60 2375
19 7 21 188
2 10 50 2418
18 14 53 1564
14 17 26 364
7 18 36 1260
7 6 91 1335
9 10 24 1320
7 1 35 261
8 12 81 2150
15 7 56 1700
20 2 33 1008
19 14 68 2075
19 2 25 1148
15 1 69 1539
18 20 63 1520
5 6 99 2133
19 8 55 936
18 4 22 154
1 4 99 380
15 15 57 600
8 2 35 1776
4 14 23 511
9 3 51 360
8 10 84 994
17 6 92 1470
6 6 22 1104
8 19 65 408
2 4 69 1675
4 1 83 1254
14 20 24 130
14 13 61 1600
14 6 81 504
6 14 91 682
13 10 59 793
1 15 91 540
15 10 96 1593
20 19 40 1566
1 11 44 228
3 11 22 1064
18 11 72 660
15 1 27 540
15 19 84 53
10 16 42 728
20 2 39 561
9 8 75 900
19 15 69 294
11 2 34 576
10 3 24 188
14 1 62 460
9 19 57 135
3 1 99 1056
4 3 94 172
6 5 76 84
3 7 23 82
18 10 51 160
14 9 25 429
16 15 89 114
16 17 55 703
11 20 52 72
5 5 21 525
3 20 44 612
16 7 63 759
19 19 77 480
2 4 39 62
5 7 20 660
4 20 34 261
10 5 56 224
12 20 64 567
3 1 30 52
15 10 100 75
20 12 32 384
6 2 54 483
15 3 34 572
18 19 76 315
9 6 59 40
6 20 56 209
18 15 77 162
18 3 78 119
4 11 90 208
10 16 83 90
3 11 26 322
10 20 76 104
13 9 73 252
12 8 76 264
13 11 70 130
5 18 79 63
16 17 73 48
11 5 82 42
6 14 62 84
19 17 77 5
18 16 73 32
18 6 60 66
14 20 99 46
11 16 53 2
