150
5 10 23 3150
10 8 57 4023
20 10 84 1184
11 18 27 2352
12 4 25 3212
1 20 28 870
4 1 99 432
8 6 90 1001
18 16 33 1136
17 12 48 2397
3 7 100 560
3 3 68 3197
1 1 90 138
6 3 91 3699
11 19 23 136
6 15 28 405
10 20 78 1206
11 16 89 931
7 13 49 1320
5 1 91 1834
15 13 40 3510
6 4 88 516
19 12 66 1024
20 14 33 1397
6 17 52 3150
12 7 25 625
4 8 80 124
13 17 56 2952
14 12 100 1586
19 14 80 847
9 3 45 960
2 20 81 2261
10 10 68 1652
5 9 97 1521
4 19 58 1856
20 7 87 2185
4 2 96 1596
4 7 22 2034
1 3 69 2128
20 20 88 333
14 17 33 1320
14 4 100 2943
15 19 49 540
19 19 45 642
3 4 21 1060
4 9 63 945
5 8 66 832
18 7 67 103
6 12 22 1836
15 16 54 1717
20 16 77 1200
1 9 72 2376
6 16 94 1078
6 6 56 1746
17 20 33 2112
3 9 60 285
7 3 51 2538
17 3 48 2232
1 2 22 1196
11 14 41 1274
15 5 76 1170
7 10 24 1246
16 19 21 1232
10 16 45 261
15 14 66 1290
14 6 60 1700
20 1 39 504
12 14 22 581
14 17 88 410
18 6 21 243
9 11 87 1920
14 16 40 79
9 12 61 2028
9 19 41 1694
18 9 45 456
8 1 38 1050
11 16 72 1036
20 9 55 1533
7 8 68 1224
15 2 25 994
16 10 79 280
5 19 77 621
12 13 49 1020
16 10 100 1206
13 12 43 726
12 8 32 1040
12 2 70 1344
18 13 47 378
18 18 91 930
12 7 68 915
6 8 99 960
6 10 56 708
19 19 88 1044
19 14 35 57
4 11 99 392
16 17 98 110
6 5 27 972
16 5 76 53
1 18 23 1144
4 9 60 204
4 9 27 100
18 17 21 1225
12 19 81 1152
12 1 79 94
15 14 20 92
2 19 93 675
9 13 70 44
13 17 20 1161
13 2 50 882
17 14 31 902
16 4 93 400
17 15 50 78
12 4 56 684
11 11 73 481
19 18 34 72
5 4 92 525
10 1 42 374
10 5 75 99
12 7 29 192
13 17 43 682
9 12 73 540
15 9 23 261
13 11 21 616
18 2 67 729
10 12 26 494
1 8 30 650
3 7 41 624
4 5 28 506
16 16 35 154
2 2 37 441
4 17 86 460
4 2 100 152
4 11 36 180
18 19 38 34
9 11 75 64
16 10 66 315
9 14 94 168
20 2 37 26
5 18 89 192
15 17 100 154
12 9 94 70
6 13 23 171
7 16 73 192
17 4 90 147
17 20 87 42
13 20 48 125
5 1 53 80
2 7 37 39
8 1 38 30
10 6 80 27
