50
7 7 34 50
10 15 80 392
2 19 95 240
1 10 33 1175
3 18 56 644
19 17 81 1080
17 18 49 704
1 7 29 774
15 5 93 588
6 15 100 328
10 2 64 240
20 12 66 858
1 14 86 418
5 4 32 962
3 2 86 900
3 19 46 350
13 4 50 136
3 5 30 891
17 16 57 480
6 4 62 589
6 4 57 60
14 17 42 609
4 13 68 28
10 17 95 459
17 2 22 390
9 8 64 475
16 9 28 456
13 16 20 322
19 14 92 264
6 7 35 567
9 5 57 80
12 19 41 266
11 7 93 432
13 20 36 119
9 19 70 336
14 19 31 375
2 1 96 322
13 12 82 247
15 13 71 48
6 12 100 55
12 2 53 160
12 6 65 243
17 19 44 160
17 3 30 105
14 13 84 24
15 3 29 75
6 4 22 20
8 1 51 72
9 4 89 48
19 19 78 12
