250
5 8 47 1000
1 7 28 1245
11 16 20 5704
15 2 73 4446
20 9 78 1968
20 9 67 245
9 9 21 3904
16 11 36 4617
18 16 55 1694
12 4 63 4820
1 16 20 4080
8 1 56 3346
5 8 42 4284
7 7 89 4029
10 18 99 2360
5 19 31 5875
18 8 95 5148
1 14 84 3029
4 17 67 6032
17 20 46 231
16 20 74 5060
8 15 25 4122
13 13 82 4788
5 14 66 5221
9 13 67 2260
14 20 85 1350
8 15 92 3808
8 19 60 2007
7 4 61 1332
10 4 42 1326
16 16 31 660
15 3 66 2847
6 8 20 4360
3 20 89 3689
6 16 89 864
5 6 66 645
7 2 73 1712
2 10 48 2130
4 16 52 2968
4 3 55 3376
3 7 53 1260
10 9 33 627
4 6 64 5616
20 13 24 5382
14 14 76 3502
2 6 34 1230
6 3 78 2856
5 20 62 406
13 8 37 3636
17 2 77 2613
12 4 60 4400
11 9 80 4577
4 16 70 2772
3 14 30 197
10 14 90 2940
13 3 27 3510
7 9 77 4850
4 6 32 3860
4 15 35 960
18 15 69 382
19 15 54 4180
2 12 29 756
3 13 26 376
20 13 54 935
16 12 62 744
3 13 25 3700
8 13 47 736
2 19 26 4026
9 3 87 2548
6 10 27 3258
6 10 85 4140
16 2 80 895
10 6 85 2670
14 5 36 4779
4 8 98 3520
9 2 29 2975
1 4 29 1392
14 13 34 1038
14 4 44 2408
12 9 67 2394
15 15 100 170
10 19 52 1352
14 2 94 1680
19 13 49 2338
17 19 60 4482
4 4 86 4290
2 11 64 1804
4 3 44 163
15 17 42 1134
1 17 32 2898
11 1 32 2720
15 1 95 795
11 15 59 316
7 14 84 3297
12 13 63 2028
1 16 65 3875
10 13 98 1540
1 16 64 4131
6 16 31 2280
6 11 79 2265
1 10 58 3600
1 6 33 3278
14 20 33 1332
15 15 73 2499
7 1 37 1606
1 8 38 3045
1 10 91 1872
3 6 78 3718
7 5 33 1136
17 17 37 1833
11 15 39 2940
1 9 20 2919
13 19 75 1518
11 2 100 1370
17 11 77 1360
3 8 30 945
16 6 20 670
8 16 55 1995
13 5 70 2772
11 1 95 1441
8 12 85 2860
3 13 52 1677
8 11 34 1792
8 20 81 1016
4 1 44 2898
1 11 21 3375
10 2 61 2604
20 17 75 1968
13 1 63 122
12 2 72 847
12 15 76 3000
3 13 50 1785
2 4 94 2478
14 11 55 585
5 3 22 464
6 5 71 2415
11 7 79 1710
6 6 26 1243
1 10 33 1792
17 18 85 111
7 5 41 440
15 3 59 1090
18 2 77 1512
15 18 78 1712
20 1 60 2120
1 18 90 2520
9 11 77 1248
10 13 87 2472
16 19 21 2142
17 3 46 909
2 1 90 2500
13 15 41 1881
4 20 53 980
11 18 79 2134
11 16 80 192
1 9 94 855
17 1 97 1316
17 2 24 1116
3 16 58 1012
14 7 51 91
13 14 68 180
10 8 44 979
11 18 51 1056
15 13 54 1827
11 14 26 258
5 1 85 85
17 2 74 336
7 11 62 1577
7 14 35 164
20 13 82 972
15 13 61 480
15 11 95 1975
5 1 38 1716
13 5 89 77
14 12 75 152
20 8 39 1575
14 14 21 1036
7 9 90 1971
10 13 100 1008
5 9 66 639
4 2 55 280
14 17 87 138
19 4 88 1836
18 8 39 1005
19 8 98 528
13 15 77 130
1 16 35 320
3 19 79 63
7 4 41 1488
4 6 99 1281
17 7 37 720
20 14 58 1180
4 1 89 348
12 3 69 1254
14 17 59 1512
14 17 49 550
9 3 25 1350
1 20 59 1060
20 2 100 936
5 11 88 1377
14 5 100 1000
4 10 24 245
16 8 25 1104
20 5 22 611
9 10 72 644
5 17 30 720
15 19 59 308
7 7 55 516
20 9 45 84
7 15 75 164
2 8 30 840
10 14 73 741
15 13 81 228
7 17 45 37
2 11 70 720
8 11 22 140
17 1 67 544
14 10 47 231
5 11 82 864
16 18 48 651
5 19 37 690
2 12 70 261
9 3 99 28
3 18 42 648
20 7 82 468
2 15 51 250
2 5 57 600
18 6 21 276
15 14 38 418
11 1 94 147
5 18 72 440
12 14 80 228
16 13 72 36
2 14 34 204
20 3 49 240
15 19 41 180
6 19 28 154
11 1 26 221
17 12 48 36
7 1 46 33
16 20 44 130
2 18 87 243
17 10 88 56
16 19 80 119
18 4 86 108
1 3 81 50
18 1 54 32
12 15 98 42
6 3 23 34
9 19 38 24
