300
18 1 63 8100
19 17 82 1196
15 13 70 6258
20 16 51 7425
19 8 93 6808
16 8 56 7670
15 7 55 2058
7 8 63 3223
12 9 84 1460
20 20 59 4074
3 18 24 7830
12 20 54 5780
20 4 90 2592
18 17 59 5453
18 17 34 5148
14 7 98 7410
6 17 55 4828
8 5 69 6509
17 15 50 3666
9 10 83 1686
9 10 83 1680
12 17 54 5859
17 6 98 7228
18 11 93 4709
10 14 24 7176
3 20 66 6050
15 11 57 6028
13 2 66 2457
11 13 25 1904
14 15 55 542
8 4 73 1890
17 4 50 2959
5 2 26 6968
3 8 20 534
5 20 66 2660
1 14 42 2915
8 9 60 5544
15 9 78 6575
4 14 96 4454
6 13 46 7047
3 1 91 6500
3 17 96 3367
4 19 41 1032
6 10 56 3084
2 5 77 3072
15 15 86 1020
20 14 84 1016
9 17 41 6072
19 8 61 6048
2 8 32 3012
8 4 71 4000
2 19 25 5727
19 10 85 2232
6 5 38 3705
10 18 86 4182
20 8 60 1960
17 1 39 4148
9 2 28 6075
11 12 43 3146
14 14 66 2410
20 1 75 960
19 19 90 5019
8 13 46 4046
15 2 69 237
13 3 68 4012
17 17 29 4700
3 13 88 1170
13 3 32 5359
4 14 61 928
18 6 41 2772
19 13 45 3680
9 20 25 1374
14 20 48 1824
14 8 95 5902
12 5 70 3842
11 11 79 1350
17 18 82 3136
19 11 86 3122
1 16 29 3774
13 6 38 884
5 17 60 5720
12 9 97 5694
6 11 43 3924
16 14 50 434
19 11 56 216
6 9 42 3440
12 10 56 1712
9 5 24 4686
4 3 48 3392
11 8 60 4431
13 19 51 5670
8 9 70 4807
12 10 53 4368
11 7 51 2691
11 11 73 4120
16 11 100 1845
19 11 88 5100
1 5 30 1218
4 15 94 1414
4 7 45 3015
15 9 77 3000
5 5 70 4179
4 7 34 990
17 2 74 1773
15 16 58 1568
11 16 94 4875
19 7 91 3104
7 5 28 3860
1 3 84 960
7 5 34 2292
10 1 55 4940
3 6 42 4725
1 2 80 3572
6 20 86 4301
17 18 30 2046
15 12 78 2775
10 20 98 1840
5 5 62 3111
10 6 57 2366
19 8 79 4706
6 2 43 1080
2 5 42 716
8 14 43 178
4 8 72 3009
1 18 25 2112
14 8 33 2800
4 15 84 3480
19 8 59 2249
10 2 49 4644
5 16 26 2736
4 18 27 3060
7 11 23 4394
14 10 36 3864
20 6 27 2004
18 1 33 2490
17 2 35 2640
3 12 54 2132
7 11 39 1956
4 8 58 1782
11 15 38 966
5 3 33 2080
7 7 21 2862
11 5 62 1896
19 14 84 2355
14 20 87 3276
13 2 72 2015
19 17 77 3542
19 6 99 3060
12 14 88 2432
15 20 86 151
18 11 40 2250
8 19 23 1937
9 12 50 2812
19 1 82 147
19 8 59 3212
7 7 39 580
14 10 41 2160
12 9 21 286
9 20 53 3408
16 18 63 2397
16 12 44 3220
1 20 73 1946
12 16 60 2760
1 7 23 274
18 17 45 1496
5 17 58 1755
2 11 75 3350
9 13 55 1197
20 17 73 1320
8 14 41 2096
10 1 65 2470
12 8 47 1161
2 9 99 1408
9 14 98 1397
15 9 55 3402
15 15 70 2000
15 18 48 248
10 15 21 3321
18 3 75 1098
18 8 90 2178
16 4 55 3000
7 5 72 238
8 5 31 1534
3 11 96 1170
2 2 74 2436
16 12 81 2990
6 15 28 2964
19 15 72 904
9 9 77 336
13 20 58 666
12 6 23 330
15 5 58 1744
12 14 21 1512
20 12 32 2140
9 6 71 954
6 18 50 735
19 17 20 2080
1 12 48 103
12 5 64 714
11 3 78 2626
3 5 49 2300
2 2 87 198
12 17 67 2450
18 8 86 970
6 1 64 2208
5 17 38 665
1 8 76 1880
18 16 87 2139
7 3 21 1012
20 10 81 1729
6 16 66 270
10 19 55 356
15 11 53 2024
16 5 50 87
17 14 75 344
10 17 99 595
9 11 95 2016
8 7 27 166
14 12 34 82
6 7 61 405
18 9 88 2160
17 9 90 711
20 16 89 1014
18 1 22 462
20 6 22 2052
4 19 51 1275
2 2 24 1036
20 3 43 219
5 19 75 288
14 9 68 1775
9 1 25 1610
1 2 77 138
2 2 26 1768
5 4 88 737
11 2 96 1056
1 3 80 650
19 6 49 1472
12 19 27 315
18 20 87 124
10 6 33 793
20 11 51 1320
18 20 100 1475
16 10 72 1160
5 12 94 912
6 10 86 56
11 16 22 660
12 12 38 1080
11 14 92 212
10 17 87 988
8 18 91 1275
11 1 42 650
14 13 59 1274
12 2 33 864
5 14 73 235
19 9 84 506
20 7 78 360
15 11 64 1056
12 6 73 344
16 2 38 42
14 15 49 123
5 14 93 360
15 14 38 741
10 18 65 38
11 6 58 888
3 13 51 360
19 11 95 840
15 2 50 850
9 7 86 561
20 8 29 576
4 19 62 589
12 19 69 240
7 6 92 551
17 14 53 280
18 5 25 567
3 3 90 286
2 14 74 250
7 20 45 120
10 2 74 184
15 16 98 506
13 8 29 210
16 19 75 80
15 14 68 133
7 15 79 234
13 20 21 340
1 14 50 48
1 1 40 210
4 13 46 84
9 11 25 312
3 11 65 312
19 9 59 198
16 15 40 30
14 18 75 135
2 10 94 168
12 3 68 91
3 18 56 90
19 3 37 15
3 9 23 4
15 15 53 42
17 17 97 22
8 15 54 13
