400
18 13 50 9600
7 17 32 8379
9 13 61 6368
5 9 47 2779
9 20 31 9504
16 13 65 1027
11 20 75 9850
16 13 47 4323
1 5 87 9800
19 6 22 4692
10 7 29 3900
17 11 82 7780
1 8 31 1940
16 10 64 774
5 20 63 6948
6 5 78 5390
5 4 98 6912
20 18 48 2298
20 19 71 2292
19 17 35 3048
19 7 33 5320
1 2 66 9096
8 18 77 756
1 15 66 7917
15 1 72 8272
9 11 28 2250
10 12 82 3740
12 3 40 7460
6 19 72 744
15 20 54 3710
14 1 51 8880
18 13 47 369
1 14 67 9568
19 14 74 5505
9 8 89 4392
13 3 96 2920
18 9 39 9100
10 10 50 9075
8 6 78 3258
16 20 58 7220
19 14 100 8280
13 3 24 5026
8 18 84 7518
7 9 59 7854
14 1 71 3204
12 19 23 6390
12 2 44 708
3 3 28 4236
8 2 98 7040
5 6 80 9477
18 3 93 6650
15 9 59 4886
9 5 40 1392
4 20 72 1735
3 13 86 1730
20 5 45 2070
4 19 63 4128
5 15 99 2401
14 20 71 5814
3 16 27 6479
3 13 41 5440
7 4 22 8814
14 3 63 8450
4 16 39 9099
9 20 31 5040
6 20 49 3015
11 16 52 9018
5 9 54 6660
13 2 85 1328
9 14 100 8275
15 10 89 3300
5 3 96 7238
15 14 24 8528
8 1 45 4251
20 19 33 1630
9 6 75 5850
17 18 28 4212
18 11 63 969
11 14 61 1932
10 2 87 1926
3 8 98 1280
20 14 41 638
7 2 71 6360
20 14 51 1268
18 7 34 3792
4 13 60 2520
9 2 21 2198
14 5 28 4069
18 2 23 1872
14 19 54 4354
15 20 26 6820
15 8 53 4635
13 7 56 308
9 18 60 921
1 5 88 6120
11 7 69 5490
13 11 74 5776
13 12 92 3939
15 10 64 3322
16 6 74 602
8 16 73 8100
14 2 94 2093
5 17 59 3874
7 19 27 3564
4 1 79 7104
10 17 97 6195
5 3 86 2940
2 9 41 4102
6 13 44 7592
5 13 96 4365
16 10 44 5510
5 15 97 1156
16 20 85 7488
13 4 51 3444
17 6 70 7436
13 3 99 1425
15 15 82 4544
18 5 75 2264
13 12 85 5358
17 12 98 4215
18 1 57 5320
19 20 40 1116
9 8 55 5560
1 18 81 277
15 13 72 5796
9 19 94 2475
1 13 81 2740
18 2 80 4914
19 5 33 272
18 8 79 4336
18 7 91 5130
11 7 55 2152
20 19 44 4288
4 1 78 1068
10 18 65 5054
13 8 84 1060
7 7 95 6600
20 12 22 526
11 17 72 262
20 20 84 6264
19 13 53 3380
5 4 31 4662
3 14 38 5160
13 16 22 4883
8 10 62 1024
3 10 61 1785
8 8 100 2540
15 13 96 2024
16 14 95 6048
7 13 79 5773
15 3 22 3750
13 2 27 1494
1 15 35 1240
16 15 68 6175
6 9 80 4428
9 4 83 5145
16 2 50 6100
5 2 46 2916
2 14 31 4840
6 9 80 6025
13 12 38 480
17 20 52 5736
14 17 30 3570
1 13 74 5214
19 12 92 1652
9 7 55 6110
8 4 82 5148
19 2 43 5592
5 2 45 3944
5 2 68 3927
9 1 23 5750
19 3 92 458
13 15 84 4104
15 9 98 3405
13 8 28 4746
11 9 69 2700
14 14 76 4480
10 12 37 2007
15 19 60 1998
14 14 99 2652
20 14 34 5500
5 17 91 1971
12 19 29 4796
4 6 94 868
17 14 77 4752
4 1 100 4730
14 12 87 1070
14 19 57 852
10 9 58 5512
13 10 53 2532
13 6 72 1680
17 2 84 3135
1 7 95 4784
17 11 62 4140
10 8 64 824
15 20 54 3075
11 14 40 204
20 15 95 2030
7 5 86 5252
5 17 33 4221
2 4 75 2200
15 17 53 1393
7 16 79 4554
9 13 36 3152
15 7 51 4312
3 8 66 2925
12 15 61 5044
17 19 39 5018
14 1 62 2880
6 7 94 1528
7 19 33 2850
17 8 84 1701
5 2 96 4512
16 5 95 3927
11 4 28 2232
8 18 84 3330
20 18 25 2944
4 3 23 4575
14 20 41 2002
10 15 95 1810
15 7 63 1980
6 11 22 1253
12 9 69 356
9 18 69 3009
2 16 31 3872
10 2 64 4025
5 10 80 2958
3 16 97 3114
19 20 92 1720
3 13 82 3078
19 19 23 2380
9 14 91 3211
8 20 90 336
4 7 50 4509
1 12 62 1826
16 12 93 660
8 13 60 3280
19 7 74 4401
1 19 99 324
1 10 46 966
1 3 50 3840
1 5 75 2067
20 1 57 3476
16 1 82 314
18 3 86 312
13 5 82 2635
10 11 23 1386
4 16 99 1224
7 10 37 1976
10 12 46 3171
13 7 72 1500
4 13 100 1937
3 17 66 148
9 20 75 882
15 10 41 1898
9 12 26 3335
13 3 56 3744
12 20 62 715
2 12 71 2840
18 11 94 141
18 14 28 2100
1 20 67 2502
13 9 81 138
4 4 95 1233
11 19 28 1088
7 20 57 1350
16 8 25 3618
5 11 70 798
10 5 34 3168
15 2 43 262
8 8 33 1170
10 1 82 1548
20 5 93 768
9 19 26 2032
17 16 80 3024
10 17 53 2750
9 2 94 2356
20 3 72 1599
17 10 22 2440
19 19 76 2420
20 5 72 360
14 10 62 2499
19 1 42 3186
8 18 63 1053
5 8 45 928
5 7 82 1265
1 18 64 912
20 7 35 678
11 14 83 672
5 3 35 1998
17 6 89 2970
1 3 38 545
1 10 24 2808
8 20 34 1926
5 12 96 954
11 3 97 1785
11 1 32 2704
20 5 38 1545
1 16 73 1938
15 5 68 2323
12 9 81 1400
2 7 96 2574
5 17 100 1078
14 20 90 1552
19 15 96 1632
9 1 75 1045
20 10 93 1504
18 11 48 930
17 15 43 1012
15 14 83 2457
4 8 21 1800
18 2 99 1869
20 3 79 1144
7 5 69 609
19 13 62 1978
7 6 51 1190
10 12 69 2100
4 19 63 1660
16 7 84 656
11 2 78 486
6 5 59 1680
10 11 41 1501
18 17 82 234
19 16 45 1232
18 20 81 1976
2 9 95 1575
18 19 78 1924
14 17 46 1387
8 9 35 864
7 5 83 1704
9 14 87 1540
12 5 57 1863
13 3 39 408
17 20 83 670
6 7 41 396
1 8 30 195
18 12 92 576
9 6 66 63
5 1 68 186
12 17 57 244
11 4 50 180
1 15 40 944
2 3 43 290
15 17 78 798
3 5 55 1400
19 8 97 1210
6 9 75 864
16 3 90 795
7 20 70 1040
18 6 51 816
14 1 33 550
11 2 56 588
1 18 50 1008
7 2 31 799
1 19 34 322
17 20 52 1080
7 19 56 176
13 11 54 559
13 2 68 210
1 15 37 574
14 5 41 480
13 9 29 1053
3 11 84 798
13 15 23 851
9 1 87 396
4 2 27 210
9 10 97 578
3 18 60 330
19 2 49 320
10 3 69 465
5 16 92 600
2 15 37 87
9 4 48 84
19 8 26 54
7 6 38 546
6 3 52 50
5 3 25 504
20 17 75 299
16 19 56 44
18 2 74 525
7 18 34 60
13 11 26 247
15 5 96 234
5 9 70 238
8 8 91 224
18 7 90 15
5 19 97 28
10 17 41 234
8 20 46 228
18 10 63 231
17 17 47 210
8 1 91 36
9 16 96 136
16 10 78 119
9 20 54 60
1 15 63 80
19 13 51 92
1 11 34 27
11 15 31 44
11 8 33 20
