150
5 1523
85 5705
19 1150
75 6657
52 4574
34 1999
9 465
70 7678
24 5941
3 2899
36 3696
50 4651
95 2710
82 913
53 7213
70 6657
65 5242
94 393
79 2003
100 5831
28 7535
64 3834
95 1042
6 3123
85 1161
61 3600
20 4830
38 2560
9 1137
54 5729
12 7609
8 6137
19 7044
88 5408
55 2134
57 6843
55 7413
50 6624
69 4551
3 1792
84 3089
48 82
44 5754
30 5655
45 2338
11 97
81 3459
93 7768
59 6158
92 1202
41 5765
37 6784
21 3464
56 1076
98 6964
16 6860
52 4330
47 2203
84 1461
16 2085
76 7246
56 5332
12 6909
42 2083
17 1129
19 2004
8 1665
53 7448
54 7280
61 3965
16 2313
33 6263
100 2792
6 6815
42 2464
44 7270
99 1566
79 3573
44 81
5 6424
67 1165
94 3805
74 205
55 147
67 2203
75 6054
84 3167
20 7563
79 7454
39 4582
21 1460
41 2733
93 5848
51 7110
69 6372
4 5241
92 3115
76 762
86 7348
31 274
63 3204
15 1388
35 4304
16 2000
71 846
60 1135
18 641
5 1088
36 1066
23 3745
69 6134
62 3784
71 3738
19 5545
79 5968
44 936
5 4303
61 3715
65 7128
43 588
89 7058
95 5263
88 2448
77 1556
71 5336
41 6763
33 4295
96 1578
67 789
75 551
70 5062
70 6124
2 1955
94 5346
28 719
98 5921
17 1664
46 664
46 7352
80 4235
64 4221
13 5679
16 2626
1 5017
82 6296
91 1147
81 2383
71 3780
5 6695
90 5737
0 2 5 3 5 1 7 7 1 7 9 9 7 2 8 6 9 1 9 0 6 1 1 7 2 7 6 0 9 4 4 1 6 6 8 2 5 8 1 4 5 4 4 1 7 8 5 4 6 1 4 8 0 7 2 8 3 3 8 7 0 5 9 9 7 0 1 4 4 6 8 0 7 1 4 7 6 8 2 5 8 2 5 4 6 0 6 3 2 4 1 5 3 0 1 0 7 1 4 6 0 0 7 2 2 1 2 1 5 3 0 6 4 0 2 5 9 1 0 4 6 2 0 7 2 4 9 9 8 3 5 7 7 3 6 9 7 9 0 1 4 3 3 0 8 3 3 7 3 0
0 0 5 6 4 1 8 1 9 6 9 9 0 6 7 2 2 1 1 1 4 8 6 0 5 2 7 7 5 1 8 4 0 3 1 3 1 6 3 8 2 1 2 9 1 4 7 2 3 5 9 7 3 0 2 8 1 6 4 6 2 5 8 2 6 1 1 6 9 8 8 6 3 4 5 9 0 9 1 1 4 8 1 3 6 3 5 0 6 9 0 0 6 3 7 0 0 7 6 5 5 9 3 6 1 3 8 7 4 1 9 1 5 5 6 7 1 6 1 4 3 7 6 1 7 2 0 0 0 1 0 1 9 5 4 1 4 4 2 8 4 9 0 0 8 4 4 7 4 7
8 3 0 8 5 9 1 8 7 6 9 1 6 9 0 7 4 9 4 2 0 8 4 8 0 9 5 0 6 2 3 9 4 3 5 9 6 6 7 3 3 4 0 0 5 4 9 4 7 4 9 9 0 5 3 1 4 6 0 8 7 5 3 1 2 9 5 6 4 0 5 6 0 1 6 2 7 7 8 7 8 6 2 5 2 3 4 9 3 0 3 9 6 0 6 0 0 5 9 6 4 2 5 9 2 0 7 5 7 9 2 3 0 0 0 6 3 8 7 2 0 5 6 7 3 2 2 2 8 5 9 6 4 9 7 4 2 5 1 8 8 1 2 3 6 2 9 8 1 7
9 9 8 0 0 1 3 8 7 5 6 9 4 9 0 8 9 2 5 0 9 7 2 2 5 5 2 6 5 6 1 2 3 7 6 4 5 3 3 3 3 6 5 1 2 2 2 5 6 1 7 6 3 4 7 3 3 5 9 4 5 8 4 8 4 0 9 5 7 1 9 8 5 6 4 7 9 1 5 3 0 1 7 9 6 5 1 9 5 4 3 8 3 1 4 6 0 9 5 5 9 0 9 9 7 9 4 1 6 5 7 7 2 2 6 1 4 4 8 4 4 1 1 2 5 4 2 6 7 3 5 9 5 2 3 2 3 6 7 3 8 9 2 4 2 6 5 6 8 4
8 5 9 7 0 2 1 7 3 3 2 3 7 0 2 9 9 1 3 9 2 7 1 0 9 6 6 7 4 4 7 6 2 6 8 2 1 6 8 8 1 2 3 5 8 5 8 1 9 9 7 2 2 1 7 2 2 7 5 6 2 8 3 1 5 6 9 2 2 7 1 1 5 1 2 9 3 5 0 5 1 8 3 3 4 6 9 2 4 7 5 4 4 2 5 7 7 0 6 4 3 9 5 1 9 6 1 1 8 3 7 1 8 3 6 2 1 0 2 7 0 0 0 1 2 4 2 7 8 8 1 0 0 5 5 0 3 7 6 6 8 4 3 4 4 3 8 8 8 2
1 7 8 7 8 0 4 0 2 0 8 1 2 5 5 4 7 0 1 5 9 7 7 9 4 4 4 5 3 8 6 0 7 7 3 7 2 9 6 1 4 4 5 8 2 5 6 0 7 5 2 3 1 4 3 6 4 7 6 1 3 5 0 7 5 9 1 1 3 8 0 6 2 7 6 6 7 8 1 9 4 8 6 1 0 6 0 2 6 3 2 8 7 4 0 8 6 2 0 6 8 1 7 3 3 1 7 8 6 8 3 3 1 9 0 9 2 3 8 0 4 8 6 2 1 6 0 1 7 8 8 1 7 5 8 0 4 3 5 4 2 0 8 8 3 4 7 2 6 8
0 7 1 4 8 6 0 6 1 0 8 0 0 0 0 5 0 2 4 0 6 3 6 3 2 6 6 4 6 8 8 3 9 3 4 5 6 8 7 2 5 6 7 2 6 7 4 8 6 7 9 4 8 7 5 2 0 5 6 1 2 3 9 9 3 8 6 2 6 6 2 1 1 7 6 1 1 4 6 8 5 1 0 8 1 1 2 7 0 1 1 9 0 5 0 3 0 4 3 8 2 1 0 4 4 1 8 9 3 8 5 8 5 8 3 0 3 8 8 6 0 3 7 8 8 2 6 2 7 4 5 7 0 2 4 7 4 3 4 3 0 7 4 8 6 8 6 0 9 5
8 4 2 4 7 8 9 0 4 4 4 7 1 0 9 4 1 8 7 8 0 7 0 5 3 9 5 9 0 1 3 9 1 5 1 1 3 6 7 9 7 0 8 3 6 6 8 7 9 3 0 4 4 4 6 2 2 7 7 4 4 6 7 7 9 4 0 0 3 7 0 5 9 3 3 7 6 8 8 4 9 7 9 7 9 7 5 4 8 8 4 4 2 6 0 8 2 7 9 8 1 6 7 4 3 7 8 3 6 2 6 8 9 7 6 8 0 4 6 3 5 9 5 7 6 4 3 8 8 0 2 3 0 8 4 3 9 3 2 8 8 9 3 2 6 8 0 1 5 7
8 6 8 1 5 2 4 0 0 1 3 2 2 7 5 3 8 3 0 5 7 6 1 7 0 5 4 3 1 2 7 3 8 8 4 2 9 2 6 4 3 5 7 0 4 1 8 2 2 1 2 1 8 3 8 0 3 7 3 5 6 9 8 7 9 8 3 7 8 3 2 2 9 6 7 7 8 0 3 9 3 2 9 8 4 8 8 5 5 4 4 8 9 8 8 3 0 5 3 6 4 7 3 6 6 1 5 1 4 3 5 0 1 4 6 4 5 7 7 5 0 4 2 9 8 3 9 0 7 1 3 5 1 0 7 6 7 2 4 8 1 4 4 8 5 2 1 9 2 6
2 9 9 9 6 8 1 5 0 0 9 6 8 6 5 6 4 8 0 7 9 0 4 3 9 6 8 8 3 0 7 4 6 1 4 5 5 7 7 0 7 7 5 9 4 1 7 3 2 2 5 3 5 9 5 6 0 0 2 0 1 5 4 9 9 9 2 1 4 6 4 2 0 4 1 1 8 8 5 3 9 8 1 2 6 7 7 6 0 6 1 1 8 1 8 9 9 2 4 0 0 0 6 6 1 2 8 4 3 7 8 6 0 4 9 5 0 4 6 0 7 2 6 7 9 0 1 2 7 8 0 7 7 7 6 8 0 2 7 7 3 0 3 1 6 5 0 0 8 9
9 7 8 4 4 7 5 4 4 4 0 6 3 0 3 3 2 5 4 8 0 9 9 8 6 4 0 2 0 8 7 3 1 4 7 4 8 9 1 7 6 7 5 0 9 4 1 9 8 0 9 2 6 6 5 2 1 5 3 3 6 2 6 6 5 9 3 9 0 9 1 6 3 3 9 2 9 3 9 9 1 2 0 4 6 4 6 3 5 4 8 5 2 0 2 5 8 5 3 9 1 2 0 3 2 9 3 0 5 7 0 4 3 2 2 5 6 3 8 3 4 4 8 7 0 1 6 2 6 8 4 5 9 5 9 9 3 4 0 3 9 0 2 3 0 5 6 6 9 7
9 5 2 4 2 8 1 9 9 0 4 0 3 7 9 8 8 4 7 5 1 6 2 7 1 3 3 4 0 1 1 3 4 5 9 7 3 1 6 2 9 2 0 6 2 3 6 2 4 3 1 9 8 0 8 7 3 2 4 9 5 0 1 7 1 6 3 4 5 6 7 2 9 1 9 7 3 2 9 0 5 3 8 8 2 6 3 5 5 0 4 7 6 9 0 3 5 8 6 6 4 8 3 1 5 2 4 8 0 2 8 6 9 1 7 8 6 9 6 3 3 1 1 2 6 0 6 6 6 2 1 6 3 4 1 0 1 4 4 0 1 7 7 9 5 0 3 5 8 5
7 6 6 6 2 2 1 9 3 3 2 3 0 4 2 6 1 4 4 8 2 0 3 6 7 6 6 0 1 7 1 2 2 0 4 5 6 3 4 0 7 7 9 9 1 5 8 9 1 8 2 1 5 9 5 9 0 0 5 2 4 7 0 7 2 9 7 8 9 4 0 5 2 3 2 5 3 7 3 3 7 5 8 3 1 2 3 0 6 7 2 8 5 6 8 3 6 6 6 2 7 9 9 7 8 5 2 9 8 3 2 7 4 3 4 9 2 5 4 5 9 7 0 4 6 4 4 7 6 9 8 1 6 3 6 7 3 7 6 2 1 6 9 0 7 1 0 7 7 9
7 9 7 6 2 5 6 8 3 9 7 1 5 0 6 2 2 4 7 6 2 8 9 3 8 9 9 3 6 9 3 3 0 6 2 6 1 9 4 9 1 5 2 2 6 0 9 6 7 4 6 7 8 4 6 0 1 8 6 8 5 4 0 2 2 2 1 4 2 8 3 4 9 9 0 3 8 0 2 0 8 3 4 4 1 5 3 3 8 4 2 7 5 0 2 8 7 9 9 5 5 3 0 6 3 5 6 8 5 5 8 9 6 5 4 2 8 5 6 4 9 1 2 8 4 7 2 0 4 7 0 3 2 3 1 5 7 7 6 9 5 3 8 2 4 5 3 3 4 2
2 9 3 5 3 2 0 3 7 5 2 0 0 8 0 6 4 3 3 0 2 5 3 3 6 9 6 7 2 4 8 5 2 6 5 1 3 2 4 0 1 2 3 8 6 8 3 6 8 2 5 6 0 1 5 9 9 7 4 0 2 6 8 2 9 5 7 7 9 5 3 1 3 3 5 3 0 7 9 9 0 0 4 4 3 6 4 2 1 1 8 7 1 9 3 0 1 9 3 4 6 6 6 6 2 0 9 7 3 5 0 7 0 8 4 3 8 6 3 0 4 1 0 2 3 9 0 2 2 5 6 3 7 3 6 3 4 9 1 6 1 7 7 9 0 3 9 2 9 6
8 3 0 3 4 2 7 6 9 4 9 3 6 5 2 0 7 3 7 8 1 4 6 9 0 4 4 8 0 1 3 7 0 0 4 9 3 4 9 0 5 0 3 8 6 7 8 8 4 1 2 3 7 2 9 1 3 8 6 2 1 3 8 8 0 4 4 4 0 7 5 3 6 8 8 8 0 5 2 3 4 4 0 6 4 1 9 4 9 7 7 5 5 7 2 8 7 9 5 7 7 7 0 8 3 7 7 8 1 7 7 8 6 0 7 1 9 2 5 8 0 6 9 6 5 3 9 9 2 7 1 3 1 7 0 3 8 1 7 7 4 9 6 9 1 8 4 0 5 6
3 1 6 9 2 7 1 7 4 6 5 1 3 1 7 9 0 6 9 1 0 7 3 5 3 1 2 8 6 7 3 1 8 7 5 2 2 8 8 5 5 3 0 3 3 1 4 8 5 8 1 3 0 1 4 7 1 8 0 2 0 1 3 1 5 5 3 6 8 7 6 0 6 7 8 6 7 4 3 2 1 9 7 4 6 4 4 6 2 1 5 0 0 3 2 3 0 1 8 8 2 8 5 7 9 8 2 2 3 3 8 0 2 2 7 3 8 0 3 1 8 0 6 9 2 8 6 8 1 5 6 6 5 7 8 4 6 0 1 7 8 5 7 6 1 8 9 2 6 8
5 1 1 7 9 7 1 9 2 1 1 6 1 5 2 9 7 0 3 3 0 2 3 3 0 3 2 6 6 7 0 2 6 2 3 4 1 5 6 0 8 1 6 4 0 4 7 1 5 4 9 1 9 5 8 9 9 8 9 6 2 4 9 0 0 2 8 5 0 6 1 1 4 8 5 8 1 9 3 8 9 0 0 7 8 4 7 8 4 5 4 0 2 2 7 0 4 9 8 9 3 7 8 7 4 6 0 9 2 8 1 9 9 1 3 6 9 0 0 8 0 0 1 5 0 2 8 1 6 0 4 7 5 0 5 8 9 9 0 8 9 7 5 3 3 6 8 9 1 4
9 9 7 5 5 9 3 0 6 5 9 4 8 0 9 5 5 7 0 5 8 9 9 6 7 9 1 6 6 1 1 6 5 1 9 4 4 0 8 0 7 8 0 3 8 1 0 8 9 2 1 8 9 4 4 7 3 0 3 9 9 8 9 6 6 8 8 0 3 6 5 0 8 6 3 3 5 7 5 3 6 1 9 8 0 3 4 0 7 7 5 3 9 8 1 5 2 5 2 9 5 2 0 4 0 4 3 3 2 0 4 1 9 5 2 1 2 1 5 8 5 2 0 6 6 5 8 6 8 3 5 6 2 9 2 5 1 2 9 8 6 5 0 4 9 9 1 0 6 9
3 8 0 2 9 7 2 5 2 4 9 2 0 4 3 8 1 3 5 0 9 9 3 7 0 1 5 8 9 2 2 3 0 7 2 2 7 3 5 5 0 5 0 2 3 9 8 6 2 9 7 7 2 5 4 2 4 3 4 7 8 0 7 4 2 9 2 0 1 0 9 8 8 1 2 6 5 1 7 2 3 6 0 4 3 4 7 8 1 8 4 0 5 0 9 6 9 3 3 5 6 1 2 9 5 4 6 3 4 7 6 2 1 3 2 6 8 4 7 5 3 8 1 1 7 7 8 1 7 5 5 5 4 5 0 6 7 3 8 1 8 0 7 9 1 8 3 2 0 3
4 4 7 3 2 2 0 6 2 6 7 4 0 2 7 0 9 0 6 5 0 6 7 5 2 2 2 7 7 9 7 1 3 5 9 9 9 7 1 5 8 2 0 8 8 1 9 6 2 9 0 1 1 1 1 2 5 7 7 5 1 1 7 7 1 7 7 7 1 4 5 0 7 3 0 1 8 7 3 5 4 7 3 2 6 6 9 6 1 9 1 9 3 2 2 5 9 5 3 2 3 4 7 0 8 6 2 9 4 0 2 6 8 9 5 7 4 0 3 4 1 7 6 7 2 7 9 5 2 3 2 9 8 1 6 5 2 9 3 5 5 0 9 7 4 3 8 8 1 7
2 9 2 7 8 3 5 8 8 0 4 5 9 6 4 1 3 0 5 2 0 0 8 8 6 5 2 7 3 2 7 7 2 3 8 0 2 0 2 8 4 1 9 1 9 6 9 6 2 7 0 3 2 7 4 7 8 2 3 5 5 5 2 6 4 5 3 3 0 6 2 8 9 9 9 2 3 3 7 6 9 5 6 3 5 2 8 1 0 3 8 7 4 4 4 5 1 9 5 0 0 9 7 6 0 8 7 6 2 7 4 0 1 9 6 5 0 1 8 5 3 7 0 5 3 0 2 0 2 6 3 2 9 1 0 4 4 6 2 0 7 2 6 1 7 6 3 9 5 3
1 3 4 2 3 5 4 4 0 6 5 8 0 2 8 8 7 2 9 5 8 6 0 9 4 0 5 5 6 0 5 7 6 8 3 4 6 7 0 3 4 8 6 6 9 4 8 1 8 4 5 2 9 9 4 3 9 3 3 8 5 5 6 0 9 1 4 0 7 4 5 8 5 9 9 4 2 1 8 8 8 5 8 9 3 6 4 9 1 0 9 7 3 2 4 6 1 0 3 6 5 1 0 8 8 4 8 3 0 8 6 5 1 8 1 3 6 5 3 2 1 3 8 4 5 2 5 8 1 2 0 4 4 3 2 3 0 9 2 8 5 4 1 9 6 1 9 5 4 4
8 7 3 3 6 3 6 2 4 5 0 7 6 9 3 9 6 3 3 1 6 8 6 0 4 5 4 7 7 6 8 6 1 9 5 1 5 6 1 2 3 8 1 8 5 2 5 0 5 7 3 6 7 3 3 5 6 5 5 6 0 2 0 4 2 7 5 9 3 2 1 5 6 1 4 7 6 9 0 5 5 8 4 8 5 6 3 5 9 5 9 7 0 2 1 8 7 9 0 6 6 6 5 5 6 2 7 4 9 5 4 9 1 5 3 9 8 8 5 9 4 2 7 9 4 0 8 4 0 9 7 8 3 0 4 4 4 6 4 5 1 2 4 4 3 6 9 9 9 8
7 5 2 1 8 4 9 4 7 0 4 4 2 4 2 3 8 3 6 0 5 8 4 4 0 6 3 7 6 3 2 6 0 7 9 3 7 5 0 6 7 6 9 4 7 6 2 1 6 9 9 5 5 6 0 3 6 4 1 2 8 8 5 0 5 4 3 0 9 0 9 7 3 0 4 6 7 9 6 3 3 4 2 5 3 9 1 0 1 6 6 4 4 4 5 7 4 7 8 5 0 6 7 6 0 1 6 5 5 8 1 0 1 0 1 1 0 8 2 2 3 1 5 4 5 3 4 4 9 9 6 3 5 0 9 8 5 1 0 9 3 1 5 1 4 2 9 4 1 3
7 9 9 5 7 0 1 6 9 8 9 3 5 7 2 9 6 5 6 5 4 7 2 3 0 0 1 4 2 4 9 5 7 4 7 3 3 9 3 8 2 9 3 1 6 7 8 3 5 0 8 7 9 1 4 8 2 3 3 8 8 2 8 1 2 4 7 6 9 1 1 6 8 4 3 6 0 7 9 7 5 0 7 4 0 7 2 2 9 4 2 4 2 4 3 8 1 4 9 6 3 6 0 3 1 2 7 8 6 4 6 5 0 8 1 5 0 4 9 8 4 1 9 0 5 3 1 9 2 9 1 3 2 5 8 0 1 0 0 1 5 2 3 7 1 7 0 1 4 2
6 7 5 8 1 9 2 8 0 4 1 1 9 9 3 9 9 8 0 9 1 0 4 0 0 8 0 6 2 9 8 9 6 4 7 9 2 6 0 5 5 7 0 8 3 3 9 9 6 4 6 7 9 5 6 8 9 0 9 4 3 0 2 7 8 4 4 0 5 7 3 6 2 6 8 1 2 9 6 9 2 4 6 4 4 2 9 4 0 9 4 1 5 8 4 8 8 8 6 3 8 7 4 2 2 5 5 7 7 3 8 9 6 7 9 5 7 0 5 4 8 0 4 9 4 2 3 8 9 7 0 8 4 7 0 1 4 2 1 7 7 5 9 7 1 6 8 7 7 0
0 8 2 8 5 9 4 0 3 3 2 9 2 5 3 3 9 3 2 8 5 3 5 2 2 5 5 0 0 3 6 6 6 4 1 6 4 7 2 0 7 3 1 3 8 3 4 7 4 0 0 4 1 1 9 0 3 1 1 6 8 4 0 1 9 5 7 5 4 0 3 6 8 7 6 1 7 1 4 5 7 4 8 2 2 3 4 6 1 8 9 1 5 8 2 6 7 8 3 1 9 4 3 6 6 0 1 2 5 2 9 1 3 2 9 2 5 4 6 4 3 2 9 4 7 2 8 2 8 7 7 1 0 2 4 7 9 5 5 1 6 5 4 1 2 9 7 1 8 4
3 9 6 5 3 8 5 8 6 4 6 1 6 2 9 5 2 1 7 6 4 6 1 0 4 5 3 3 0 6 2 2 5 4 1 1 0 5 0 3 6 5 1 5 0 0 5 4 0 4 8 8 3 2 4 9 7 5 7 8 0 4 2 9 9 9 0 0 4 2 9 1 7 5 8 2 8 8 3 9 3 0 8 1 2 2 0 5 2 6 8 0 0 1 7 3 9 9 9 5 2 6 1 2 1 2 8 5 7 4 1 1 0 5 8 8 9 4 6 4 5 1 9 7 6 7 5 0 5 8 3 9 1 7 4 3 8 9 9 6 5 5 4 4 4 6 0 6 5 4
7 8 7 6 9 1 8 1 3 3 8 1 9 7 8 3 0 8 7 3 8 6 3 0 4 5 0 9 1 0 8 9 7 3 3 7 4 2 4 6 8 5 7 7 4 9 7 5 7 1 7 1 0 3 5 8 8 2 3 6 3 7 3 1 2 8 3 1 4 1 3 1 1 3 0 4 5 6 6 7 3 0 3 8 1 1 3 8 4 5 7 1 7 2 6 5 9 8 3 3 9 5 2 2 5 9 5 4 6 3 3 5 3 3 7 5 6 2 9 2 7 3 1 7 0 3 4 3 6 5 2 3 6 5 2 9 7 9 3 6 6 7 8 8 9 9 7 1 2 5
5 5 2 9 8 7 4 3 8 0 1 9 9 5 3 2 4 1 9 7 2 0 4 3 3 2 9 9 8 2 0 5 7 1 5 6 1 6 3 9 3 0 9 8 6 3 9 9 9 5 7 5 1 8 7 8 7 1 4 9 6 1 6 1 9 6 1 0 6 3 1 1 0 6 0 3 8 4 1 4 9 2 2 7 6 9 5 9 1 1 6 5 0 4 9 4 6 8 1 7 3 9 6 2 8 1 0 3 5 7 7 2 5 8 5 7 1 7 0 4 8 9 9 9 1 6 8 3 6 4 6 6 6 2 3 7 6 0 2 9 2 6 3 7 1 3 5 1 7 9
3 1 9 0 8 4 4 6 0 3 1 0 1 2 8 3 9 9 5 4 1 4 9 5 4 5 0 3 0 5 2 0 6 7 5 5 6 7 3 9 5 4 2 1 2 6 8 6 0 2 3 5 7 7 0 0 2 7 7 4 6 4 5 0 0 2 2 1 9 4 8 8 6 1 0 2 2 4 3 9 1 4 9 8 7 1 6 2 8 6 0 3 9 5 3 2 0 7 5 4 6 5 3 0 7 3 0 2 3 6 0 4 8 0 3 3 7 9 1 4 2 7 4 1 1 2 4 4 9 9 5 8 7 6 9 1 9 4 0 0 4 6 1 0 2 7 6 8 5 3
1 6 9 4 2 2 3 0 2 6 8 0 7 3 5 5 0 7 2 3 5 8 2 7 4 8 8 5 0 6 1 8 0 8 4 2 4 5 9 3 5 9 7 0 6 1 2 1 1 6 4 3 4 1 6 8 6 1 7 2 7 3 9 4 9 2 0 1 4 8 4 6 5 4 5 0 7 2 3 2 3 2 9 0 3 4 2 1 4 9 7 9 9 1 7 2 8 3 2 0 7 5 4 1 7 0 6 4 8 3 1 7 5 2 2 8 8 6 2 4 5 0 9 2 3 6 0 6 5 5 7 3 2 8 1 7 2 7 6 6 0 4 1 0 3 4 9 8 5 3
4 5 6 8 9 8 6 9 3 6 7 2 4 6 3 3 5 2 3 8 3 1 5 2 6 1 2 8 2 9 3 7 5 0 3 9 3 1 2 4 0 3 9 5 9 1 9 9 2 4 6 4 2 6 6 6 8 5 5 2 3 2 4 2 2 1 6 8 8 7 6 0 5 1 8 3 7 3 4 5 7 4 7 8 4 1 9 5 3 1 7 2 5 2 5 7 5 1 5 2 8 4 7 0 1 5 4 8 1 8 0 0 7 1 2 6 1 1 7 0 6 7 5 3 0 7 6 7 6 9 5 1 7 7 8 4 6 9 9 6 1 8 4 0 3 5 6 2 2 7
1 7 4 7 6 6 5 0 1 0 3 7 4 5 3 2 2 6 7 3 6 9 5 0 0 1 1 0 6 3 3 9 9 9 0 1 8 7 7 9 1 5 3 7 9 0 6 2 4 6 5 1 4 9 8 4 2 0 6 9 0 0 2 1 0 4 5 9 5 4 9 8 4 2 5 6 9 7 8 8 1 7 7 5 7 7 0 3 2 1 5 2 5 2 9 1 3 5 8 7 2 4 7 8 8 0 2 8 9 7 9 4 2 3 5 3 9 6 3 8 2 0 6 4 7 6 7 0 4 8 6 0 6 3 8 5 2 3 3 0 4 2 3 9 9 0 1 0 6 6
5 4 5 7 1 1 7 9 5 5 3 4 8 0 6 6 3 8 8 7 9 6 0 9 7 4 4 8 7 1 8 8 2 7 6 0 2 6 0 3 4 6 5 5 7 5 6 6 6 1 4 6 1 6 3 6 8 5 0 5 9 3 0 6 9 4 2 0 1 4 6 0 8 2 8 2 1 3 3 6 0 9 1 5 7 9 9 4 3 7 7 2 7 0 2 3 6 3 2 8 4 4 1 3 7 2 1 8 6 6 8 3 8 7 7 9 9 5 0 3 6 2 0 1 9 7 7 8 0 4 1 3 9 5 9 2 3 7 2 3 8 6 6 4 1 4 6 3 3 1
1 7 4 0 8 0 4 3 8 2 8 6 8 6 2 6 8 4 2 4 4 1 3 8 6 0 5 4 4 0 8 2 2 8 6 3 0 7 2 8 7 5 6 0 8 6 8 0 8 0 8 0 7 9 1 0 1 7 3 9 6 1 7 8 0 4 8 0 3 5 7 6 3 7 3 7 9 4 9 3 2 8 5 5 9 6 0 7 4 5 8 7 2 4 1 5 2 7 3 7 7 0 0 1 6 6 5 7 9 8 7 9 0 6 9 2 9 0 1 4 6 6 0 8 2 3 3 2 6 0 5 1 3 2 1 9 1 7 0 2 8 7 9 0 3 3 6 7 7 3
1 1 2 1 8 2 3 0 7 0 6 5 4 7 8 8 1 0 1 9 2 9 9 2 4 0 1 6 2 1 6 7 2 7 3 0 8 0 3 5 9 3 2 0 1 4 2 8 6 3 3 6 2 2 4 2 5 6 8 7 3 7 4 1 1 3 2 4 4 1 4 9 7 3 9 3 0 9 3 8 3 0 9 9 1 7 1 6 8 1 7 9 5 4 4 4 5 9 2 6 1 3 8 4 7 8 9 5 7 1 7 7 1 5 2 7 4 5 4 0 3 6 9 5 3 7 9 4 2 1 1 2 4 0 7 6 7 7 0 8 3 9 6 4 2 0 4 1 7 4
2 9 4 1 6 0 4 7 4 0 8 9 4 1 5 4 5 4 4 0 4 9 3 1 4 8 9 5 0 6 8 1 5 3 8 2 8 8 0 2 7 3 0 7 5 2 9 1 6 8 2 2 3 4 9 8 0 8 1 3 4 9 6 3 2 3 6 5 3 0 0 9 8 2 0 9 9 9 7 1 8 0 1 7 3 7 5 7 0 2 5 9 5 2 4 2 0 4 2 7 2 8 9 1 4 9 3 2 5 8 3 1 6 6 8 2 0 4 9 3 0 0 3 6 4 5 4 5 6 3 0 0 3 7 2 6 8 2 2 2 3 1 7 5 8 3 2 4 6 3
8 3 2 1 2 1 8 7 5 5 6 9 0 0 0 3 6 2 3 7 4 8 4 0 8 9 7 6 5 6 8 1 5 1 1 2 7 0 6 0 6 6 0 1 5 6 0 0 8 9 9 4 8 7 1 7 2 1 0 4 9 3 0 4 6 4 3 1 2 8 6 1 5 0 2 7 7 2 6 7 2 2 7 3 3 9 5 1 8 4 5 0 1 9 6 0 4 5 1 7 1 8 5 4 1 9 2 0 6 3 6 9 9 1 1 8 9 2 3 9 6 9 0 8 7 0 7 4 6 0 3 3 3 7 3 2 4 0 9 3 5 9 6 7 4 5 9 0 7 7
7 7 0 6 2 7 7 9 1 5 4 4 9 0 7 8 3 3 0 4 7 8 4 7 3 0 9 1 8 6 6 9 3 3 4 2 4 6 4 7 0 2 1 7 8 9 5 9 8 4 0 5 7 2 2 8 6 8 4 0 6 3 4 0 0 4 1 3 9 8 1 3 9 6 2 9 7 5 3 1 7 5 7 0 4 5 3 8 3 2 1 7 0 4 3 6 1 3 2 2 2 3 0 6 4 7 0 9 1 7 7 5 3 7 5 1 7 0 9 8 4 4 6 4 4 8 3 4 0 9 2 1 0 1 2 4 2 0 3 3 3 8 9 8 9 3 4 7 7 5
2 9 7 7 9 7 1 8 3 5 8 2 7 4 5 2 4 6 7 9 4 8 9 2 4 4 4 9 4 6 7 9 7 5 5 8 3 2 3 6 2 0 1 5 3 0 2 1 3 0 0 1 7 6 8 1 2 4 2 7 7 5 2 8 4 6 0 7 2 5 1 6 7 8 5 0 2 8 4 9 9 0 0 5 9 9 6 7 8 4 9 0 6 9 5 1 8 5 6 6 1 6 4 4 0 6 3 2 4 4 4 4 2 0 2 2 0 1 4 4 7 7 8 2 0 5 9 9 6 3 1 3 5 2 6 6 7 1 8 0 5 9 6 0 7 6 5 4 6 0
4 9 6 7 3 0 0 3 6 0 6 3 6 7 5 2 5 2 2 9 4 1 6 6 2 9 6 0 1 4 5 5 2 8 1 5 6 7 6 2 4 2 0 6 8 7 1 8 5 8 6 0 7 6 8 1 0 5 8 1 8 4 7 4 7 0 5 1 5 5 8 8 6 0 2 5 9 7 0 4 8 6 8 0 1 1 9 3 1 4 1 9 8 0 0 2 9 6 1 4 0 9 6 6 0 4 7 4 2 2 4 5 6 7 8 5 6 3 5 8 3 2 0 3 0 5 9 9 8 5 7 8 0 3 6 4 2 2 2 2 2 0 1 6 2 0 6 1 5 1
4 1 9 7 8 5 5 6 7 9 5 5 3 3 1 4 9 7 7 2 5 5 0 7 7 7 4 7 7 1 9 9 7 5 6 5 9 0 5 8 2 1 3 0 0 1 2 1 9 3 8 0 6 9 5 6 2 3 8 2 8 6 4 1 2 2 9 3 8 7 9 3 1 2 9 9 0 4 7 9 4 9 8 3 6 1 7 3 7 4 7 6 4 7 7 5 2 5 5 3 0 2 0 2 2 2 9 9 1 2 8 2 1 1 5 0 9 9 3 4 5 9 4 3 5 1 6 7 2 2 2 9 1 2 9 6 5 5 6 1 1 7 9 0 6 8 3 0 3 2
7 6 5 9 9 1 0 7 7 6 3 2 2 0 1 2 6 4 1 9 3 7 4 5 0 3 5 1 5 1 4 2 7 4 6 8 6 1 3 4 9 2 7 4 0 7 9 9 8 1 6 1 9 8 2 0 8 2 5 2 7 4 0 2 6 6 5 6 5 9 4 9 7 6 0 7 8 9 5 1 9 7 6 8 0 9 0 8 7 7 3 4 8 7 8 0 1 4 6 9 9 8 3 2 7 3 2 0 4 7 8 1 7 2 3 0 5 7 9 8 2 8 2 5 9 0 0 4 2 1 1 1 3 8 6 9 9 3 2 5 7 5 4 2 3 8 9 0 5 8
4 6 6 4 7 4 0 5 2 5 6 6 4 8 7 2 4 3 9 6 3 2 2 7 8 6 5 7 5 3 5 3 6 5 0 3 9 3 3 8 8 2 4 7 8 0 8 5 0 7 6 4 5 5 9 6 6 9 0 6 9 4 6 5 0 4 8 0 3 9 9 9 6 9 9 6 1 9 8 5 6 5 8 9 5 9 2 7 4 0 2 6 7 5 3 0 6 8 6 2 2 4 4 6 1 6 3 7 2 7 6 7 5 1 8 1 8 2 1 3 0 1 4 8 9 1 9 7 5 0 8 2 0 8 1 5 0 5 9 5 8 5 0 2 1 8 6 4 1 3
9 3 3 1 9 1 9 8 7 4 2 2 0 2 2 6 6 9 0 4 7 5 4 7 3 2 8 7 6 2 7 8 5 6 8 5 1 3 9 9 2 2 2 7 3 5 0 3 4 6 7 0 5 4 8 9 7 4 2 9 6 8 3 1 1 0 0 2 5 4 8 8 4 2 6 6 6 3 1 3 9 3 8 2 8 5 7 3 5 2 9 7 9 4 2 9 9 3 4 5 4 0 0 8 7 5 0 7 6 6 3 1 3 6 9 2 2 7 9 8 7 5 6 3 6 1 5 3 2 8 7 3 1 0 1 4 1 1 2 7 2 9 2 4 1 7 8 4 3 4
8 6 3 9 4 6 1 3 9 6 3 6 1 0 8 0 0 5 4 9 5 4 4 5 3 6 3 0 0 2 0 3 8 7 0 8 6 8 3 8 4 4 8 1 0 4 9 0 5 5 3 1 1 4 6 7 0 3 6 5 1 3 2 8 2 5 9 6 2 5 6 2 1 6 3 4 8 0 0 8 5 1 0 9 9 7 9 6 5 0 4 0 2 5 9 7 8 3 7 0 5 0 1 7 2 3 2 2 9 4 6 5 7 5 5 5 2 6 3 5 6 1 7 2 5 0 3 1 0 4 8 6 6 6 4 7 7 8 6 6 7 4 8 9 3 3 3 8 2 6
2 4 2 5 3 3 7 3 4 6 4 5 6 3 8 9 3 6 5 9 6 7 2 4 1 2 2 7 4 2 7 3 9 8 0 0 0 4 5 9 0 9 1 7 0 1 5 1 0 2 1 9 0 1 0 1 1 3 6 1 5 2 5 0 9 4 9 2 5 3 5 2 9 5 1 5 7 9 7 7 1 1 8 6 9 5 9 9 0 5 2 9 2 0 1 3 6 7 2 1 2 4 4 5 7 4 7 1 9 5 6 4 2 5 9 5 9 4 2 4 7 7 1 3 4 1 9 4 4 6 4 8 0 5 6 8 6 0 1 6 9 6 1 3 6 7 1 6 4 4
5 2 0 4 7 0 1 8 6 5 4 7 4 2 2 3 7 8 4 2 1 6 0 1 7 6 0 4 7 7 3 3 6 1 3 2 9 1 5 6 2 8 7 5 4 3 3 3 3 0 2 3 8 3 1 2 5 7 1 7 9 4 7 2 3 8 5 3 5 5 9 9 5 2 1 0 8 3 1 0 7 7 4 6 0 5 2 1 7 9 8 6 7 4 7 5 9 8 7 7 6 8 5 1 4 0 0 6 8 9 9 6 7 6 3 6 6 1 8 7 2 2 9 8 5 2 8 6 9 2 0 8 9 0 5 5 0 9 9 7 9 6 0 5 4 3 4 6 1 5
2 5 3 0 0 4 0 6 6 2 3 3 9 0 1 9 3 5 1 5 9 9 6 7 9 4 5 8 7 7 7 4 0 9 9 0 4 9 2 7 4 2 6 0 2 3 4 1 3 8 0 6 1 1 3 4 5 8 5 7 6 1 3 6 9 5 6 5 8 8 9 9 1 5 1 4 6 4 3 7 0 8 8 5 2 4 2 9 3 2 0 3 0 5 3 1 8 2 7 6 6 8 4 0 1 2 8 5 2 1 2 0 7 0 4 9 4 1 1 2 4 7 5 7 7 8 7 2 7 1 0 3 6 2 5 1 8 8 3 1 5 4 2 2 7 1 0 4 3 2
5 4 7 2 1 9 2 7 7 1 6 8 5 7 1 9 5 8 5 8 0 2 4 2 0 5 4 7 9 2 1 5 0 3 7 9 5 0 0 7 5 4 1 0 2 0 1 2 9 0 9 0 1 8 5 5 6 7 0 0 9 3 7 5 5 6 8 1 2 0 1 1 0 7 9 9 7 8 3 7 4 8 0 4 3 3 0 2 7 2 1 7 3 0 9 7 2 5 3 8 1 3 3 6 7 9 9 2 7 8 6 0 9 3 8 8 1 3 1 9 3 6 1 7 9 3 4 5 4 0 9 6 2 0 8 6 2 5 9 2 8 2 4 6 4 4 8 3 7 6
6 5 4 5 4 6 1 3 1 5 1 7 0 7 1 4 1 1 1 8 4 6 9 6 2 6 5 0 7 0 5 4 4 3 3 6 0 8 3 1 5 2 5 3 7 6 1 7 7 7 7 8 0 3 0 5 5 2 4 5 0 3 9 5 7 9 6 2 8 8 0 7 6 5 9 0 4 3 3 3 8 0 5 7 1 6 5 7 1 8 8 4 0 2 0 5 6 4 5 9 1 4 5 3 3 5 2 8 5 9 5 2 3 0 9 9 7 3 1 7 1 9 5 3 5 6 7 2 9 9 5 2 1 1 1 9 9 1 4 4 6 0 2 8 5 0 2 0 2 8
2 6 9 3 3 0 0 1 6 0 9 4 2 8 9 6 5 6 3 6 7 8 3 6 3 9 9 6 5 2 9 5 4 4 9 5 8 8 0 1 2 9 6 9 9 4 6 8 5 3 4 9 4 0 5 5 6 0 9 3 3 1 9 2 5 5 9 4 6 3 9 2 5 9 6 7 1 8 2 9 0 7 3 2 4 5 1 4 7 4 7 4 5 3 9 4 0 2 5 3 0 9 8 9 8 4 5 3 8 1 5 0 5 0 9 3 6 8 2 2 9 7 1 7 1 8 6 6 0 2 9 4 6 1 9 1 1 3 2 3 5 7 7 1 9 2 1 5 1 5
4 1 0 3 9 8 2 3 0 7 5 1 9 9 2 1 3 5 4 2 5 3 4 2 6 0 8 7 2 1 8 9 4 3 2 2 4 5 9 2 2 3 0 9 0 7 7 0 9 8 4 9 7 2 0 0 8 7 7 8 6 3 1 3 3 3 7 2 1 2 3 0 4 9 2 5 5 1 8 1 1 5 5 1 2 5 4 6 3 3 8 5 8 1 3 4 7 0 2 1 3 6 5 0 5 4 4 2 6 8 9 2 8 5 7 4 9 4 1 3 4 3 0 2 5 4 8 8 2 4 9 5 1 1 7 1 3 0 4 0 3 5 5 5 3 0 9 4 1 3
0 6 9 6 6 2 7 4 8 8 3 8 8 5 6 9 6 3 8 3 6 7 7 3 9 2 1 5 9 5 2 0 2 8 1 9 7 4 3 4 7 4 5 9 8 6 1 3 4 2 9 3 2 4 0 0 5 2 6 2 8 1 8 0 6 6 3 5 4 2 1 9 4 7 0 6 7 7 5 7 0 0 3 3 9 7 0 4 3 4 3 5 1 6 1 1 4 9 8 9 1 2 3 4 3 3 9 9 6 3 5 3 2 9 2 7 8 5 4 0 0 6 9 8 3 2 1 5 2 1 4 4 7 3 6 4 3 2 4 7 0 7 5 1 8 6 4 9 0 3
9 8 3 2 0 2 5 1 8 0 3 0 1 6 6 0 6 4 6 4 7 7 4 9 6 4 5 2 3 3 6 6 4 8 5 7 5 0 4 0 4 5 8 8 0 5 8 1 4 4 9 5 4 3 1 3 0 3 9 3 2 9 0 2 4 2 9 0 0 6 4 4 7 5 9 0 0 6 5 2 4 3 9 9 6 7 6 1 2 8 6 3 4 5 3 0 0 2 1 5 3 6 4 1 5 2 4 6 4 9 5 4 0 0 5 2 5 0 6 4 7 8 1 0 8 5 1 4 3 4 1 5 0 3 7 3 0 1 9 9 9 4 7 2 6 5 0 4 4 1
3 8 3 9 0 8 3 7 0 5 7 9 8 0 3 1 9 3 3 5 1 8 3 7 9 7 3 1 3 3 4 3 9 8 6 0 2 2 3 2 6 9 8 7 6 8 5 8 3 9 2 4 6 9 4 1 2 0 7 7 9 8 1 7 1 3 1 3 5 0 3 6 3 2 7 2 2 4 0 3 4 0 8 4 2 6 5 4 3 7 5 9 5 4 5 9 7 5 8 0 1 7 2 8 7 4 6 1 5 8 7 6 0 9 6 9 4 7 6 9 1 7 1 6 9 4 0 1 1 1 1 1 9 9 5 1 4 6 2 4 8 1 9 3 9 6 1 7 0 8
0 9 8 2 6 6 7 6 2 8 9 8 2 3 6 7 7 0 5 9 5 9 5 6 0 2 8 2 1 0 7 3 0 0 3 9 4 4 3 9 5 9 5 9 4 6 5 8 7 6 4 8 4 9 8 1 1 3 0 8 2 6 9 2 6 4 4 7 3 2 6 8 5 6 8 8 8 9 1 9 7 3 7 0 4 0 2 6 3 9 7 3 4 4 5 2 3 9 9 1 4 2 4 3 6 6 6 8 5 4 0 5 0 0 9 9 1 7 9 7 2 4 4 9 5 8 7 1 0 4 1 6 5 5 5 7 7 9 6 4 1 8 9 5 1 1 7 5 9 4
4 7 1 0 1 4 7 3 6 4 4 2 5 9 2 4 7 4 7 7 4 5 2 2 3 6 4 5 6 5 1 9 9 0 2 9 7 4 4 6 8 0 1 9 2 7 5 7 9 1 2 9 4 7 0 3 6 2 2 0 9 5 2 0 4 0 5 2 9 6 1 5 7 8 8 0 0 0 4 9 7 7 9 2 3 0 0 5 8 8 4 3 7 7 0 7 9 9 1 2 9 8 2 2 1 6 0 2 6 8 1 8 5 3 4 1 5 4 6 0 2 3 6 6 3 0 2 8 5 3 5 4 5 6 3 3 8 8 2 4 9 8 6 8 1 8 4 4 3 7
6 9 0 9 6 7 9 8 3 6 8 7 6 1 1 3 2 6 3 2 4 8 2 4 8 7 2 4 3 0 9 4 5 3 6 7 0 9 4 0 5 1 5 5 6 1 2 0 9 5 9 6 3 1 0 9 9 8 6 3 0 1 9 9 0 9 9 4 1 0 9 1 2 3 6 7 3 3 2 5 9 6 2 3 2 4 4 4 3 7 3 3 8 6 3 2 2 7 1 4 2 5 4 8 9 6 8 0 3 5 1 1 3 9 1 9 3 9 2 3 9 7 0 2 9 4 2 8 5 7 7 1 0 0 4 3 3 5 2 6 6 7 9 3 0 1 0 6 8 7
9 8 2 8 0 1 1 9 5 3 2 8 5 4 0 7 4 5 4 5 4 8 7 1 8 2 6 1 6 0 7 9 4 4 6 2 9 9 7 8 9 9 0 5 0 3 7 9 6 7 3 2 9 0 8 3 8 2 9 6 4 0 4 7 3 0 9 7 0 2 9 3 7 1 0 0 5 5 8 9 3 5 5 8 8 5 3 4 3 0 6 5 1 0 9 2 2 7 4 6 7 7 3 4 4 2 3 5 0 9 4 5 2 8 1 1 3 9 4 6 4 4 8 0 3 4 3 3 6 1 0 8 0 6 7 8 2 3 8 2 4 2 0 4 7 2 5 5 9 4
9 2 8 7 1 0 2 0 2 5 1 5 3 2 4 7 9 8 1 4 8 8 3 9 2 9 2 9 1 6 1 5 9 4 3 9 4 2 1 3 5 3 7 3 5 7 3 5 9 4 6 9 6 7 0 8 2 0 1 0 1 7 0 9 7 7 9 7 4 6 2 0 9 3 9 9 7 1 3 3 3 3 7 0 7 8 6 3 8 4 2 5 1 8 8 7 6 1 2 2 9 6 9 6 3 4 2 6 6 5 0 2 1 0 9 6 7 8 0 1 5 8 4 2 9 6 1 0 6 2 2 5 9 8 7 3 3 8 5 9 8 2 3 7 9 1 6 6 4 5
4 8 0 7 4 0 7 8 6 4 4 1 2 3 2 2 4 8 9 9 0 8 9 6 5 2 7 6 7 1 8 1 9 8 0 1 9 9 8 6 8 3 0 8 4 9 9 0 8 8 8 3 0 6 2 5 3 1 8 8 4 2 3 0 6 8 7 3 3 0 9 3 8 0 7 1 8 5 8 3 4 3 1 0 8 9 8 7 3 1 4 3 5 2 5 1 0 3 3 1 1 7 4 8 7 2 5 9 7 5 2 2 7 3 6 9 7 5 9 6 3 8 6 0 7 5 0 2 9 9 4 1 5 6 4 0 5 0 2 4 1 7 9 6 3 2 7 3 5 7
0 8 4 4 0 2 9 0 5 4 2 6 2 2 7 3 2 4 1 6 2 7 7 5 5 2 5 1 0 6 0 6 7 7 6 4 5 4 1 9 1 3 1 3 3 3 7 7 1 6 2 8 5 6 0 3 4 8 9 7 6 8 1 6 0 1 3 7 3 4 6 0 8 2 7 1 5 8 4 4 5 0 2 4 7 5 0 7 8 1 3 3 8 9 3 4 3 7 5 7 1 2 2 2 1 7 6 1 7 4 3 9 7 7 8 6 8 9 8 1 1 6 8 8 0 3 3 0 8 6 0 8 8 6 2 2 9 4 4 0 4 4 5 1 7 3 4 5 5 9
8 6 8 4 0 8 4 2 3 3 0 7 1 4 9 8 5 3 0 7 4 1 2 2 7 8 5 8 9 7 8 4 0 5 1 8 0 1 1 1 5 5 0 5 9 0 2 4 1 7 1 5 6 9 1 6 8 5 4 2 1 1 8 6 3 0 8 2 4 2 1 7 4 4 8 0 2 8 5 0 4 7 5 3 2 9 0 2 9 4 3 9 7 7 5 2 8 0 7 3 6 7 9 6 4 7 7 5 6 0 3 0 4 7 4 2 3 4 7 2 6 2 1 8 2 9 2 0 1 4 9 5 3 1 5 9 5 3 0 5 7 8 1 5 9 9 8 7 4 2
3 0 7 0 3 8 2 6 5 1 9 2 2 1 1 8 0 9 5 3 4 1 8 6 7 7 6 4 0 2 5 8 9 2 0 6 4 6 4 8 1 7 8 1 0 0 7 8 3 1 0 6 8 9 4 9 3 1 3 6 8 3 7 6 9 0 0 3 7 9 6 9 0 1 3 1 7 6 6 7 0 3 1 0 8 7 6 4 0 9 6 1 0 8 7 9 0 7 5 4 8 2 6 9 6 9 2 2 4 4 2 7 9 3 0 9 2 7 6 0 6 7 1 1 1 5 5 5 2 0 1 3 0 1 9 0 2 8 7 2 8 9 6 8 4 8 1 3 6 4
4 6 4 6 6 2 2 0 9 2 0 1 2 7 5 2 4 9 4 7 4 9 2 9 3 4 3 7 3 9 3 4 2 7 7 1 6 8 9 4 5 6 7 1 8 1 4 7 4 8 4 3 1 7 1 7 0 0 4 0 4 6 8 5 3 3 9 0 2 4 4 8 2 1 9 9 6 0 8 7 9 5 7 6 6 6 7 5 7 4 4 4 0 9 9 9 5 9 4 6 4 7 1 2 1 1 5 5 4 2 5 4 2 8 3 7 4 5 1 5 9 2 0 8 7 7 0 7 6 1 1 4 0 7 6 4 4 8 4 7 6 8 9 8 4 9 8 4 6 6
8 2 8 7 4 4 9 1 2 0 5 8 5 0 7 6 8 3 4 4 9 7 9 3 2 6 1 9 6 0 6 0 8 2 3 0 7 5 3 6 3 6 8 5 7 0 7 3 0 2 1 7 2 2 0 9 9 7 5 5 3 2 2 5 5 0 9 5 0 8 3 5 2 9 2 4 2 6 0 9 0 1 5 1 0 6 0 4 8 1 1 7 9 8 5 1 2 2 8 1 3 1 7 0 4 9 7 1 1 0 9 9 8 0 2 3 1 9 9 0 7 6 0 5 0 7 4 6 4 3 9 5 5 9 6 7 9 6 1 9 7 0 7 7 1 0 3 0 6 0
9 7 2 4 2 5 2 4 7 7 9 3 5 9 0 0 7 3 2 7 0 4 0 1 0 6 4 8 3 6 4 4 5 7 2 5 2 0 0 8 9 5 5 7 1 2 1 8 2 9 8 7 1 5 0 9 2 4 2 4 3 0 5 2 3 9 0 9 3 0 7 8 9 6 6 6 7 9 0 7 4 4 4 5 6 3 8 3 5 7 9 0 8 1 7 2 2 0 7 7 6 0 5 2 3 9 9 0 5 9 2 0 9 1 5 3 0 4 2 7 7 3 3 4 1 2 2 5 4 1 4 6 9 6 4 2 0 9 0 0 2 8 3 0 9 4 6 2 6 2
2 5 5 6 6 8 5 0 6 0 7 2 3 4 3 4 3 1 3 1 1 0 2 7 7 3 3 2 3 8 6 5 6 6 5 2 8 9 3 3 0 6 2 1 9 2 6 9 7 9 9 1 5 9 6 7 3 6 4 5 1 5 4 0 3 9 8 9 5 1 0 8 3 0 5 2 4 5 0 7 2 2 0 2 5 0 0 7 9 9 0 4 2 7 7 8 0 7 1 7 8 0 1 5 7 0 4 6 2 3 0 2 0 4 9 4 4 1 5 9 9 3 8 1 6 7 0 3 6 5 7 1 5 6 8 5 1 4 8 5 4 5 4 3 1 7 7 3 9 3
5 8 2 3 9 8 9 3 1 6 8 8 9 8 0 5 9 2 9 9 6 7 3 9 1 8 5 3 2 1 4 0 8 2 5 2 0 2 8 4 8 1 3 0 2 5 5 9 0 2 8 5 9 2 2 7 8 3 7 2 0 9 5 7 9 5 3 5 9 7 0 0 3 3 9 2 4 9 8 2 9 1 8 6 2 3 8 8 1 6 5 2 7 0 4 1 1 4 2 0 6 5 8 4 6 8 0 3 4 1 9 3 1 7 2 1 0 4 0 5 6 4 3 3 1 9 4 4 0 5 5 1 4 1 3 7 3 6 5 5 2 3 1 5 5 6 3 4 2 8
4 9 7 6 2 3 2 4 8 5 9 9 2 8 2 5 1 9 9 7 7 6 9 2 4 8 6 1 4 1 3 2 0 9 1 3 2 3 5 3 7 5 2 0 0 8 8 5 0 7 8 9 2 8 9 0 0 7 6 4 7 8 9 6 7 7 6 3 2 0 4 8 0 7 5 9 5 3 8 1 3 1 9 0 5 8 9 2 3 6 7 5 5 8 6 6 2 2 0 8 9 6 1 8 3 5 6 2 5 1 2 8 2 4 3 8 4 7 7 5 4 0 1 8 7 1 2 7 7 6 6 5 2 0 0 2 6 8 6 9 8 2 3 0 1 0 9 7 4 6
8 7 9 3 4 6 6 7 6 2 8 7 8 1 6 4 0 3 0 1 8 2 2 4 6 9 8 4 2 2 1 9 9 5 9 5 9 5 8 3 8 8 5 0 7 1 8 5 4 6 7 8 0 5 8 6 2 5 1 1 6 9 4 4 8 3 1 1 1 3 6 5 4 0 2 0 4 6 5 4 7 5 6 7 2 9 4 7 8 5 1 6 0 0 8 2 4 1 0 2 0 3 5 1 3 3 6 7 0 9 8 2 0 3 6 7 0 6 2 7 2 0 9 4 1 3 2 5 5 4 3 2 6 0 2 4 7 1 4 4 4 2 0 0 9 3 0 9 7 1
7 4 0 8 3 3 3 8 4 2 2 4 7 4 9 1 4 5 6 9 0 9 7 8 0 1 9 6 8 3 5 4 1 0 6 4 5 3 7 4 8 6 2 6 7 2 3 5 4 5 1 5 0 4 5 0 6 6 3 8 6 6 7 3 8 1 0 2 5 9 8 7 8 7 0 6 5 1 1 3 9 3 3 2 5 3 6 5 4 3 5 7 8 6 9 2 4 2 3 7 4 2 6 8 5 2 7 1 9 6 9 0 3 6 1 2 9 8 2 2 5 5 3 8 6 2 7 1 1 1 6 9 5 0 8 1 1 7 8 7 7 9 7 0 0 4 8 3 4 7
4 2 4 6 6 2 3 7 4 3 3 2 5 9 9 5 0 0 7 6 8 3 4 4 4 4 8 2 1 1 3 7 6 8 4 3 0 1 8 8 9 2 6 3 7 6 8 7 7 4 6 1 0 1 3 9 0 8 6 3 0 3 8 6 0 9 9 5 8 8 9 7 4 4 0 0 5 8 4 6 3 6 1 8 8 7 7 5 5 7 5 2 5 2 7 5 0 1 5 0 4 3 5 9 3 5 0 2 1 5 7 9 4 8 1 4 1 0 5 7 8 1 6 5 6 0 3 0 0 9 5 4 9 3 0 9 5 6 3 3 2 2 9 7 7 3 3 8 6 4
5 4 6 8 0 2 7 3 5 8 6 0 7 2 3 1 2 0 5 9 3 5 9 6 2 7 7 9 2 4 2 7 0 3 1 5 5 2 7 7 7 0 0 9 2 2 9 7 2 5 5 2 9 4 7 6 4 3 2 5 1 3 3 4 7 0 4 3 9 3 5 8 7 5 3 0 0 8 7 4 2 2 1 5 5 8 9 0 0 4 7 8 4 4 5 6 8 2 9 8 9 5 8 8 8 1 1 7 4 5 7 3 1 6 8 5 2 5 9 6 6 4 3 0 5 1 9 9 9 2 9 3 6 5 5 9 0 0 6 0 9 0 0 7 0 2 2 7 7 7
4 6 9 0 1 6 9 7 3 9 5 1 8 0 9 2 3 3 3 9 2 6 3 0 3 7 9 7 1 1 4 8 8 1 9 7 8 6 4 2 1 1 9 1 4 8 0 5 8 0 5 3 4 5 3 7 0 4 4 9 5 6 0 9 4 7 9 6 4 2 5 5 8 9 5 9 0 0 3 1 8 5 2 0 1 0 7 0 8 7 2 7 0 0 7 2 8 1 1 7 8 8 9 0 3 4 6 8 1 9 5 7 1 5 3 8 8 7 3 7 2 0 4 1 7 4 3 2 0 3 0 9 3 8 3 6 7 0 4 7 0 5 2 7 9 4 9 4 7 6
9 4 6 1 4 8 3 4 7 6 0 8 0 7 6 6 8 8 7 5 6 7 4 3 5 3 2 4 0 7 9 3 6 9 5 2 0 2 3 2 4 6 9 0 0 0 6 3 2 2 7 6 0 1 7 4 7 3 7 3 7 1 4 4 8 9 0 6 9 1 3 3 0 1 5 6 7 9 0 7 0 5 4 7 0 3 2 2 3 4 5 3 4 4 9 7 4 3 7 3 5 3 2 1 8 8 2 6 3 2 3 5 7 8 7 4 7 8 1 0 3 8 6 8 9 4 7 8 6 0 5 4 9 5 4 8 2 9 7 4 0 5 2 4 5 6 6 3 0 2
1 2 8 8 1 5 0 4 8 1 1 5 9 0 7 2 5 3 0 0 8 1 0 8 0 0 3 4 5 2 3 1 9 6 2 9 1 2 3 3 4 1 2 0 5 9 8 9 8 5 2 9 5 6 0 8 0 9 1 2 4 6 5 8 5 4 0 5 2 6 7 6 5 0 7 3 6 3 0 0 7 8 9 0 5 4 7 9 5 2 3 9 9 5 5 4 2 5 1 1 7 1 7 6 8 1 4 1 4 2 2 4 4 7 1 2 5 7 0 0 4 9 5 5 2 5 2 3 1 5 7 5 4 5 8 3 4 9 1 7 0 5 2 1 1 8 1 8 7 9
1 5 5 3 3 4 8 4 6 5 8 9 2 8 0 6 1 0 8 6 2 2 1 1 9 0 7 2 3 4 6 0 0 3 7 6 4 8 3 3 3 0 6 5 3 2 5 1 2 1 2 5 7 5 1 3 1 7 1 7 2 8 8 7 3 6 4 0 3 5 9 0 6 5 1 3 9 4 5 1 0 7 3 6 7 9 9 3 1 9 4 1 3 2 5 1 4 1 1 6 9 8 8 0 9 8 5 6 0 7 8 8 8 1 1 7 2 4 8 0 8 1 1 3 5 6 9 3 6 2 2 0 2 9 4 5 5 8 8 1 9 7 3 4 0 2 8 9 2 5
5 9 8 8 0 0 4 5 1 8 1 8 4 0 7 6 1 5 5 0 3 5 6 3 6 4 8 7 4 8 7 4 0 1 9 6 8 3 3 6 1 1 5 2 9 1 5 7 7 6 2 4 8 5 4 2 3 5 4 8 7 4 8 6 9 7 3 7 6 8 5 2 4 9 8 6 3 0 8 9 9 0 1 7 0 2 8 8 8 7 0 3 2 3 9 7 8 5 5 2 6 7 3 3 7 3 4 9 3 2 4 5 9 9 4 1 7 4 0 2 6 9 0 9 1 9 7 6 5 7 0 4 0 1 9 9 5 7 0 1 4 4 4 8 9 8 9 7 8 8
0 3 9 8 0 5 0 4 2 6 3 8 0 2 0 4 4 0 9 1 0 9 8 0 4 4 7 6 3 9 6 8 1 1 8 5 9 2 2 0 3 2 7 9 2 8 3 4 5 0 3 2 0 0 1 5 4 3 0 3 2 3 2 0 4 6 0 7 3 4 6 6 4 1 1 2 8 1 7 4 5 8 0 2 0 5 5 5 0 9 9 5 3 8 1 4 0 6 5 4 7 9 2 2 7 0 1 7 2 2 3 8 4 6 7 3 1 8 2 8 8 0 4 7 5 0 6 1 3 5 9 0 1 2 4 1 0 5 7 9 6 4 8 3 9 8 1 7 4 5
6 4 9 3 8 4 8 9 3 5 4 8 4 2 7 7 6 5 5 8 6 6 9 8 1 1 8 1 2 9 1 0 5 9 0 8 0 2 5 6 6 3 7 1 0 8 7 7 4 6 2 4 7 8 0 0 8 9 9 0 6 0 2 9 8 8 5 1 8 4 9 2 4 4 2 9 2 3 2 6 9 3 5 0 4 6 4 1 6 6 9 9 4 2 5 5 3 4 4 0 5 9 9 8 4 3 0 3 4 3 4 4 8 2 2 9 1 9 8 5 8 9 9 6 2 8 4 9 7 9 5 7 2 4 8 8 2 1 9 1 6 2 9 0 2 0 5 1 3 0
4 4 5 4 9 5 6 0 2 3 2 1 1 6 7 8 7 4 4 1 6 6 5 3 8 9 1 4 9 6 7 1 8 2 2 6 1 6 6 8 6 5 8 8 7 7 3 4 9 4 5 0 2 3 9 1 0 7 8 1 7 6 5 3 1 2 1 8 5 4 8 4 8 6 0 6 2 5 2 1 6 2 1 1 0 8 8 7 8 3 9 7 3 7 6 1 9 7 7 7 0 5 1 6 3 2 7 9 1 1 7 0 9 9 5 1 7 1 6 7 6 5 3 3 6 6 5 5 3 1 3 6 3 6 9 1 4 9 1 4 6 8 2 1 7 5 2 7 0 4
9 0 2 5 0 7 4 6 9 4 9 3 5 1 8 8 2 7 0 6 9 2 1 9 4 1 0 1 8 2 8 3 5 5 7 7 6 5 4 1 8 0 0 0 0 4 2 7 9 9 6 2 1 8 4 6 0 0 9 3 1 8 1 9 9 0 0 2 7 5 7 5 2 5 4 7 6 4 6 1 9 1 4 1 8 0 8 3 8 7 6 8 8 7 9 5 2 6 3 6 5 9 4 2 7 2 2 3 7 2 5 9 4 7 7 1 8 5 0 9 3 4 1 7 8 9 6 8 2 5 7 9 3 8 2 6 6 1 3 4 3 6 2 8 4 3 3 9 3 9
6 2 6 9 3 3 5 4 6 1 5 8 2 2 4 3 8 2 3 0 8 2 1 8 9 8 2 8 0 5 4 2 2 2 5 6 1 2 8 1 1 0 7 5 7 2 7 7 5 4 1 3 8 1 7 9 5 3 5 3 4 0 1 6 8 3 7 2 9 2 1 5 5 8 1 8 6 7 7 3 8 9 3 2 1 9 0 8 1 8 5 6 9 6 0 9 4 2 4 2 0 7 9 5 8 3 1 1 9 7 1 9 0 0 0 1 8 7 9 7 4 7 9 8 9 1 3 5 3 1 5 1 2 8 7 2 5 6 5 0 9 7 1 3 1 3 3 2 3 9
7 1 7 1 9 9 5 9 2 9 7 4 4 0 2 4 4 4 3 5 4 8 6 2 8 6 5 9 4 5 8 5 0 1 2 9 7 3 5 2 6 4 5 3 2 6 8 4 6 9 5 4 5 5 6 2 8 4 3 5 8 9 7 2 2 4 5 7 8 5 9 7 4 3 0 8 8 6 7 9 1 0 0 5 9 5 4 0 0 9 3 1 7 1 4 7 0 1 0 1 1 8 9 6 0 5 5 6 1 4 0 1 4 0 2 9 6 2 2 2 8 4 1 5 0 0 7 4 6 4 7 5 3 0 2 0 4 9 0 4 7 2 4 9 2 2 7 7 8 2
7 9 7 2 3 6 3 3 7 9 6 1 7 6 9 0 8 8 0 7 5 6 5 5 9 5 5 3 0 0 9 2 3 5 8 5 6 8 9 8 4 5 6 7 7 5 4 7 8 8 7 3 1 7 6 2 4 7 7 9 5 1 9 4 3 7 3 0 7 9 5 4 5 4 8 1 2 0 2 3 8 4 9 1 8 7 9 1 0 8 8 7 3 3 8 9 3 7 6 2 0 1 1 1 1 5 5 0 3 2 7 8 8 2 9 3 5 6 7 0 2 0 5 7 6 0 0 9 0 6 3 2 0 1 4 3 7 0 6 9 7 2 1 3 6 2 2 4 3 6
1 1 5 9 6 5 2 1 9 7 8 0 6 8 0 3 3 5 7 4 5 0 0 3 4 9 3 8 9 1 4 4 9 3 4 7 1 4 7 0 0 5 6 3 9 1 7 2 7 4 5 7 6 4 9 4 5 5 0 7 8 6 6 3 6 7 1 8 4 6 3 7 6 9 5 0 1 8 6 3 3 8 7 2 8 6 8 7 8 0 2 7 9 6 6 9 8 5 8 2 7 1 9 1 3 7 7 5 8 6 7 1 0 5 4 6 3 1 1 3 2 2 2 6 9 5 1 0 1 6 9 2 6 1 6 7 4 3 1 6 7 9 8 8 1 9 1 5 1 6
7 7 9 3 6 9 0 3 8 0 9 5 8 5 0 1 3 3 1 2 8 0 0 8 8 6 1 0 5 3 0 9 7 9 9 5 8 3 2 4 3 4 9 1 4 0 1 9 8 1 9 9 4 9 7 4 8 0 2 3 5 2 1 2 5 7 9 1 3 2 2 6 2 2 0 8 4 5 2 7 9 2 8 3 5 5 3 1 4 7 0 5 3 2 9 7 7 7 2 9 8 3 5 7 2 9 5 3 2 8 2 6 0 6 6 5 5 9 4 7 7 7 8 7 4 5 9 0 3 2 9 5 3 9 5 8 6 4 6 5 5 7 0 4 4 2 7 6 4 9
6 6 3 5 5 6 7 5 2 4 6 7 0 9 4 9 5 9 2 1 0 2 7 2 8 9 1 5 7 5 0 0 1 8 9 0 8 8 7 0 5 0 4 6 3 7 1 2 2 0 0 6 4 3 7 9 4 3 2 3 8 2 1 3 5 8 9 1 6 7 1 1 6 2 0 1 2 0 1 4 7 9 3 6 6 1 4 8 6 6 6 0 3 0 9 8 0 7 2 9 5 6 8 7 9 9 4 0 4 1 0 9 2 4 8 2 9 7 2 9 0 5 1 7 9 4 7 4 5 6 0 7 3 3 8 3 4 4 9 0 4 5 6 9 2 9 2 9 2 4
8 3 7 1 0 2 1 5 9 6 4 4 0 9 4 2 8 8 2 7 0 4 6 6 0 1 8 3 1 4 4 9 0 2 3 5 7 9 1 8 7 4 4 1 3 9 6 2 5 0 6 6 0 1 3 8 9 9 5 0 9 7 3 1 9 3 4 6 2 6 1 5 1 9 1 3 2 5 2 1 3 8 4 0 7 4 9 2 5 0 1 5 0 8 2 3 1 4 5 8 8 9 7 9 4 3 8 6 5 9 9 6 1 0 4 4 0 4 9 7 5 4 4 4 6 1 9 2 1 6 1 0 3 7 1 0 3 8 5 1 2 6 3 4 7 1 0 9 4 5
2 0 4 2 8 2 8 2 0 4 2 6 4 6 0 0 5 2 1 9 2 1 1 1 1 4 0 0 5 2 2 2 8 5 1 2 2 9 8 7 5 9 6 3 9 7 6 7 6 4 4 1 4 9 7 3 0 1 3 8 1 3 0 7 2 0 2 4 8 5 8 0 7 0 6 2 7 6 4 7 3 0 1 0 9 6 3 1 2 3 0 1 1 0 7 4 1 4 7 2 0 8 9 6 1 0 0 6 0 6 5 0 7 5 3 0 0 9 1 3 8 6 7 6 0 6 0 1 1 8 5 3 1 7 4 7 9 4 9 2 1 7 4 7 5 6 0 4 8 6
4 2 3 9 8 4 7 4 9 2 3 8 2 2 3 1 8 4 1 1 8 4 3 6 2 8 7 9 8 4 3 2 8 1 0 5 6 6 3 3 7 0 9 2 9 7 4 1 2 4 9 5 1 3 1 3 4 6 5 7 8 6 4 8 2 0 2 5 3 6 1 1 9 5 1 2 2 4 6 0 7 3 4 3 0 1 7 4 1 3 5 0 6 3 0 8 1 8 3 8 2 0 5 5 0 4 1 7 8 9 5 5 8 6 2 5 1 3 5 1 2 0 7 8 7 4 0 2 0 8 4 1 2 9 8 0 0 9 2 9 9 5 9 5 9 2 8 6 8 4
7 0 7 8 7 1 1 2 5 9 2 6 9 0 9 8 2 1 8 1 8 0 5 8 7 2 1 8 1 5 0 8 6 5 8 7 6 9 8 8 7 1 6 4 7 0 9 1 7 6 2 4 9 3 2 7 4 4 5 7 6 9 7 2 2 2 6 6 5 4 8 7 9 9 9 8 8 1 9 9 6 0 1 4 6 8 4 3 9 4 8 6 6 0 2 0 4 2 0 8 0 3 9 5 5 8 8 0 6 3 1 4 2 0 4 6 6 4 4 9 5 9 7 9 7 0 6 4 8 2 0 2 3 4 6 0 6 5 4 7 8 0 7 8 2 5 9 8 5 0
0 0 6 9 0 0 3 2 3 9 7 9 5 2 2 7 6 4 1 2 3 5 5 8 9 5 2 6 8 9 2 0 2 1 9 2 4 3 5 6 8 8 0 3 8 4 3 7 6 7 8 4 6 9 4 4 8 1 2 0 7 2 7 1 7 7 2 3 1 3 2 5 8 7 8 2 1 5 4 9 5 9 7 1 7 3 6 4 0 6 6 3 4 2 9 2 0 9 6 9 4 3 2 7 7 6 1 9 2 9 2 9 9 6 1 8 0 3 2 0 9 1 3 3 5 5 5 4 2 5 1 7 1 7 8 0 1 9 1 2 5 5 9 2 5 6 0 6 6 5
1 4 8 1 6 7 2 3 1 1 4 1 0 2 5 2 4 4 7 0 0 6 8 0 1 8 8 1 5 6 9 3 8 5 8 9 8 5 7 2 7 2 1 1 0 2 8 0 8 0 1 6 0 1 3 0 5 3 4 5 2 1 9 4 6 2 7 6 2 7 7 7 4 3 3 5 9 8 2 2 8 1 0 7 9 6 8 1 8 1 3 6 1 2 1 9 6 0 4 4 2 7 0 8 3 3 3 6 8 3 9 2 6 0 8 8 8 2 3 0 6 2 5 8 4 1 9 1 3 3 4 7 8 8 1 9 5 7 5 5 6 2 5 5 6 4 5 6 5 8
8 9 2 2 7 3 3 3 7 5 9 0 4 1 9 3 8 3 4 5 7 6 4 6 3 3 9 8 5 9 5 4 0 8 3 9 8 1 8 7 1 2 9 1 3 5 0 8 2 4 4 6 5 5 3 1 3 3 8 4 0 4 5 5 1 9 9 5 2 9 9 5 2 4 2 6 7 8 7 8 9 3 0 0 5 4 8 2 9 8 9 3 8 4 7 3 9 6 0 2 2 5 2 9 8 0 9 8 9 8 8 8 5 2 5 7 2 1 5 1 7 6 1 7 5 7 7 9 3 1 7 9 8 5 2 6 7 9 0 9 1 7 8 4 3 0 7 6 9 4
9 3 2 8 2 9 0 9 9 3 4 8 2 5 7 2 9 8 7 3 3 2 3 2 5 2 0 5 7 5 0 3 4 2 5 8 3 9 7 7 1 3 1 1 5 5 0 3 3 1 3 8 7 0 3 0 2 2 6 2 5 3 1 0 2 4 0 0 4 9 6 0 6 0 9 7 8 4 1 6 3 6 3 8 7 4 4 8 1 1 8 3 7 5 2 3 6 4 7 0 6 9 1 2 3 5 8 5 1 7 0 4 3 0 7 0 2 6 1 8 5 9 4 0 9 4 3 3 7 1 6 7 7 0 5 7 0 2 7 0 6 5 0 7 3 1 3 6 6 7
1 3 2 7 9 6 8 2 6 5 1 3 2 6 7 9 6 4 5 5 0 2 4 3 0 9 6 8 2 0 1 4 4 8 3 5 7 1 8 8 9 3 1 7 4 1 2 4 1 0 9 7 4 7 2 9 5 3 6 8 5 4 9 2 4 4 7 0 3 1 6 9 5 0 7 8 8 7 9 4 8 6 8 5 4 9 7 8 9 7 3 3 4 0 4 8 5 2 9 5 0 8 5 2 4 2 3 0 5 5 2 6 4 0 2 6 6 4 4 2 5 3 5 1 9 1 9 4 4 5 8 0 2 3 8 4 3 9 8 6 9 7 6 9 5 1 4 3 0 2
9 7 5 3 2 3 3 8 0 2 6 8 1 2 4 5 8 4 4 7 0 0 0 9 5 5 0 3 0 6 8 9 7 6 5 8 1 0 5 4 7 2 2 4 1 3 4 4 2 8 8 0 0 9 7 4 7 6 2 9 5 8 0 5 0 3 2 7 6 3 7 5 9 7 3 6 4 8 6 7 9 4 7 7 7 8 8 9 2 2 5 6 1 6 2 0 7 7 9 6 7 0 1 0 5 8 7 3 4 3 8 4 5 8 5 1 3 9 8 9 6 6 3 2 2 7 7 5 9 8 3 6 7 4 1 3 1 4 7 3 0 2 8 8 5 2 0 7 1 9
9 7 5 4 0 8 7 2 2 1 4 8 0 8 8 9 3 4 1 0 9 7 0 9 8 8 9 9 9 5 1 5 6 5 9 0 9 8 9 1 1 4 0 6 5 5 6 9 6 5 6 7 2 9 8 1 0 1 2 6 0 3 5 7 2 6 8 6 8 4 3 8 2 4 4 4 3 1 7 1 3 7 0 0 6 8 9 4 5 2 1 6 8 4 1 1 1 9 9 5 2 6 0 1 3 5 3 9 8 6 4 9 6 2 8 9 7 9 9 5 3 3 9 3 4 1 8 9 0 4 9 1 8 0 1 4 2 8 4 5 4 5 5 8 3 4 5 9 1 6
7 8 8 8 2 7 9 0 0 7 0 2 7 4 8 8 9 1 5 1 1 0 8 7 2 4 6 4 0 9 8 6 3 2 1 3 1 9 6 9 3 4 5 8 4 3 8 9 2 4 2 2 5 6 8 0 1 6 2 9 3 9 7 5 6 2 0 3 9 1 0 0 8 0 8 4 2 5 4 2 4 6 3 5 3 1 7 2 7 1 0 7 3 1 3 7 2 4 4 9 8 3 8 0 9 0 0 8 0 3 2 5 4 9 2 7 5 1 7 3 0 7 9 4 1 1 8 1 6 3 3 9 7 9 1 3 2 1 0 5 8 3 1 6 1 1 4 6 7 2
5 3 7 9 9 8 0 9 4 1 1 6 4 0 5 5 1 9 5 1 1 3 3 8 9 6 4 3 2 2 3 2 4 3 6 2 0 9 9 9 1 0 6 0 0 2 3 2 7 5 7 0 3 2 6 3 4 4 2 2 9 0 9 7 3 3 8 1 7 6 9 2 8 5 8 8 2 0 6 3 2 8 1 7 3 1 0 1 3 2 7 1 9 6 4 4 8 5 9 1 9 6 0 7 0 2 6 9 6 2 7 5 0 2 4 9 5 0 8 8 8 7 7 9 7 0 1 7 9 0 9 5 7 7 8 5 7 5 0 9 5 5 8 6 7 2 5 1 1 6
9 7 6 0 3 8 4 8 6 4 5 3 8 1 8 0 9 1 7 3 6 9 8 4 9 6 3 2 3 8 9 9 8 5 2 2 7 8 1 7 5 3 0 1 5 8 5 9 1 9 3 6 2 9 8 4 2 5 7 4 8 6 9 8 1 8 1 5 1 2 0 5 1 4 4 2 8 2 2 2 5 3 9 2 5 3 3 7 6 0 8 4 5 9 5 6 3 4 0 1 7 9 6 0 6 0 6 1 7 4 2 0 2 5 9 4 5 9 5 7 5 9 9 9 9 7 8 2 5 8 7 5 9 2 9 8 8 1 5 4 3 8 4 4 8 3 5 9 7 9
4 4 1 8 8 7 2 0 4 1 3 7 6 5 4 7 1 3 9 8 0 9 3 7 5 1 1 8 0 5 2 9 0 9 5 1 1 9 7 1 0 5 1 7 5 0 4 6 5 5 3 7 3 3 1 5 6 5 0 1 6 4 4 8 9 5 7 0 8 5 4 5 5 0 5 0 7 8 4 8 4 2 5 6 2 2 2 1 3 8 5 1 5 3 7 5 1 0 6 7 3 7 0 8 2 1 0 1 2 7 1 3 4 6 3 5 6 3 5 7 3 7 9 7 6 6 7 4 9 5 2 2 5 6 6 8 6 1 5 4 5 9 7 1 9 9 7 4 0 1
1 9 6 3 1 0 7 2 5 2 2 2 0 8 5 2 8 4 7 4 9 3 4 5 6 5 7 9 1 8 0 1 7 8 9 0 7 8 0 2 6 6 6 6 2 4 1 8 9 9 4 5 1 4 9 2 7 1 3 8 8 4 1 8 4 4 8 5 7 5 0 5 9 1 1 4 8 2 6 1 1 7 0 2 0 7 9 5 6 3 6 1 9 9 7 4 2 0 6 1 1 7 8 7 8 4 4 0 8 8 8 7 4 7 8 6 6 1 9 6 6 5 6 6 2 4 0 7 1 5 8 2 0 6 6 4 0 6 7 6 7 1 9 0 0 9 9 7 7 8
3 2 5 0 1 1 2 6 1 3 5 5 5 3 5 7 7 3 7 7 5 9 7 7 0 7 0 0 3 8 7 9 7 7 9 9 8 3 0 3 9 2 1 3 9 9 2 5 2 1 1 8 9 6 7 9 8 2 6 1 1 1 8 8 3 7 4 5 9 0 8 1 2 9 1 6 7 8 2 6 6 2 7 9 6 2 8 5 9 2 5 8 5 8 5 1 0 6 3 0 9 2 4 4 2 2 5 6 0 7 1 1 3 8 4 5 6 1 3 9 4 0 1 3 4 4 7 9 7 1 0 8 4 3 3 4 7 9 7 7 7 1 0 9 1 1 7 6 8 9
0 0 3 0 3 7 7 2 5 0 2 8 3 8 6 0 3 8 2 6 5 7 1 0 0 6 3 1 4 3 9 5 5 5 9 2 4 1 9 4 6 3 0 8 6 9 9 1 3 0 0 8 4 0 4 7 4 8 3 3 9 6 8 3 2 1 9 5 4 8 9 8 8 3 2 2 0 9 4 8 0 1 6 3 7 9 5 9 8 1 1 7 4 6 0 7 0 4 8 3 3 5 5 0 1 0 2 9 9 0 3 4 4 5 9 3 6 6 1 0 7 9 9 4 3 6 6 7 2 5 1 0 7 5 1 4 6 3 4 4 3 8 2 0 4 8 6 7 6 6
1 0 6 1 8 8 0 6 4 4 1 6 8 8 1 4 2 8 5 1 2 1 6 4 5 0 2 9 3 3 0 8 2 5 7 6 7 1 9 9 0 0 7 0 0 6 0 0 1 7 1 1 1 0 4 0 2 9 7 5 3 7 9 5 0 0 9 4 4 8 3 5 1 0 5 9 8 5 4 5 3 6 9 9 5 4 5 4 5 1 8 1 4 4 8 9 4 8 1 3 3 7 5 7 7 0 8 5 9 5 0 0 9 9 8 7 0 3 2 4 1 8 2 4 9 5 7 1 2 9 0 8 1 0 4 5 3 9 7 6 9 9 7 0 5 4 6 6 1 9
1 2 1 4 2 7 4 6 0 2 1 9 6 1 8 2 8 4 9 2 8 0 9 2 7 7 8 5 2 7 6 0 5 8 4 0 3 3 0 8 1 5 7 4 5 4 8 1 9 8 4 6 3 0 3 4 0 2 0 7 5 1 4 0 2 3 7 2 4 0 7 0 5 5 2 7 4 1 1 4 0 7 9 3 5 8 7 7 9 3 4 7 9 9 8 1 1 2 8 0 1 6 1 9 0 7 5 9 1 9 7 0 4 4 1 0 5 6 2 6 0 0 5 6 0 7 6 4 9 9 4 9 6 1 2 4 8 6 0 5 3 0 3 2 3 9 9 5 9 1
8 7 3 4 1 0 5 0 7 3 6 1 4 2 3 8 9 6 1 4 9 0 9 0 7 2 6 2 5 3 2 9 2 5 7 3 0 5 3 7 8 5 6 1 9 7 4 1 0 6 0 5 7 0 9 5 9 5 8 9 0 4 0 0 4 6 7 1 1 8 8 0 0 7 5 6 6 3 7 1 5 6 9 0 4 3 7 3 0 5 6 5 3 8 3 9 3 0 5 6 0 2 8 4 9 3 8 4 8 5 6 3 0 2 0 3 1 1 3 9 2 8 9 3 8 5 9 2 6 1 0 1 8 9 5 6 4 8 0 8 4 8 8 4 7 5 9 0 6 4
4 5 5 1 1 8 3 6 1 7 3 5 4 2 6 8 3 6 4 3 2 7 2 8 8 8 7 0 9 8 9 8 7 5 3 3 2 8 6 3 8 8 3 1 2 6 8 0 0 9 6 6 7 7 2 7 7 4 6 8 6 0 2 1 9 5 1 7 4 0 5 5 7 8 1 0 4 8 3 1 5 5 9 7 8 6 9 4 9 3 6 6 5 1 5 2 0 8 2 8 9 0 4 6 2 3 6 1 9 3 7 8 9 0 1 3 0 4 2 3 5 5 6 4 0 6 2 8 3 5 9 6 9 2 6 2 9 8 8 3 9 7 0 1 3 9 2 6 5 5
2 2 8 2 7 4 4 8 5 9 6 7 9 5 8 6 1 4 7 4 2 6 1 1 6 6 8 1 9 0 3 1 2 0 6 1 2 1 7 7 9 6 3 9 6 4 2 5 6 3 8 5 7 2 0 0 6 9 4 9 6 8 1 2 5 7 8 7 4 9 9 4 0 7 4 9 6 3 9 9 2 6 6 7 6 4 8 9 1 4 3 8 3 8 0 2 0 9 6 3 5 3 1 5 2 8 7 1 2 5 8 6 7 8 0 5 1 9 3 1 2 4 8 8 4 0 7 8 3 7 2 5 1 3 4 6 5 1 0 0 9 7 0 3 8 4 2 5 4 1
3 3 9 7 6 3 1 4 7 4 3 9 8 2 8 8 3 5 0 5 5 6 1 3 6 6 7 1 8 9 2 1 0 7 5 9 6 1 2 7 4 8 6 4 6 3 9 7 6 8 5 5 5 1 2 2 8 1 1 4 6 6 1 1 7 5 5 5 6 5 2 4 7 8 4 3 5 2 7 4 1 5 9 4 1 0 0 8 2 6 8 9 5 7 3 5 9 3 7 2 4 0 9 6 0 5 3 1 9 6 1 1 7 6 8 0 6 2 2 4 4 4 1 0 5 5 8 1 3 2 5 7 2 9 5 9 8 4 2 7 1 4 1 1 1 5 8 0 0 0
4 8 8 7 9 2 7 4 8 4 6 4 8 2 7 2 8 3 1 7 0 2 2 1 0 5 9 5 9 0 1 2 5 9 5 8 7 4 8 2 3 2 2 7 5 8 5 8 2 2 2 3 3 0 0 4 4 0 3 8 7 1 6 3 6 5 2 4 1 4 8 3 9 1 5 2 1 3 2 1 5 1 2 0 8 2 8 0 6 2 2 8 1 7 0 8 0 1 6 6 9 8 8 5 8 3 2 5 9 7 8 4 1 7 0 7 0 9 8 4 6 9 3 1 1 7 5 6 1 8 7 5 1 7 9 0 0 8 2 7 6 2 5 5 0 3 7 8 0 9
2 5 6 0 9 3 6 0 0 0 9 3 6 1 1 9 8 9 4 1 3 4 0 2 9 0 3 9 2 0 3 9 5 6 2 2 9 7 8 7 5 5 4 8 8 1 3 0 3 4 5 7 2 8 3 2 0 6 2 2 7 6 3 2 7 9 1 0 9 2 2 0 8 2 7 4 2 3 0 7 1 4 7 7 2 9 7 4 7 0 2 7 4 3 2 1 7 7 6 4 8 6 3 3 6 0 0 4 9 5 3 7 4 6 2 1 1 0 3 7 3 4 3 5 4 9 8 1 2 0 0 3 5 6 4 8 8 5 6 3 1 5 8 0 2 2 0 5 7 3
2 4 8 3 7 3 0 8 4 4 0 4 9 1 3 1 6 3 6 8 2 9 2 3 9 5 1 2 6 4 8 4 8 3 9 0 5 3 3 4 6 3 3 4 7 9 7 9 9 1 4 5 4 7 1 3 3 5 2 8 8 7 8 1 8 4 7 7 4 7 8 7 7 8 6 8 7 2 5 9 3 7 2 7 9 5 7 0 8 5 1 2 3 6 9 0 5 9 8 4 2 1 0 2 2 0 2 6 8 4 1 1 0 6 7 7 0 7 0 0 7 0 7 4 3 0 2 5 6 9 1 0 7 6 9 9 6 5 2 4 8 0 8 2 2 7 6 2 9 7
4 7 4 1 6 9 9 7 6 6 5 5 9 1 8 1 3 1 8 9 9 6 3 4 0 8 0 1 6 9 0 5 4 7 2 3 7 7 0 3 6 2 8 4 0 3 5 4 3 2 6 7 7 2 9 6 7 2 5 1 8 4 0 4 0 3 1 0 1 7 6 3 2 9 1 7 4 2 2 7 3 5 8 5 5 2 6 2 9 3 2 5 5 1 1 8 2 1 7 8 9 8 2 2 5 7 5 0 2 9 9 4 5 2 6 5 0 1 1 0 6 9 8 1 2 0 2 2 5 2 2 8 1 0 1 1 0 1 6 7 8 8 4 0 9 7 6 7 0 0
4 0 3 6 7 2 9 0 6 0 1 2 2 0 6 2 6 8 7 4 1 7 9 2 6 2 6 8 1 7 8 1 9 3 2 2 4 0 6 6 8 6 7 5 2 6 7 4 7 6 8 8 9 8 3 3 2 1 5 6 4 5 1 4 4 6 7 1 0 4 8 9 1 2 7 1 7 5 4 5 6 0 7 8 6 1 1 8 8 4 3 9 3 5 3 7 0 0 3 5 6 6 4 2 9 7 3 4 7 3 0 6 7 4 3 9 7 5 6 5 0 2 6 8 8 2 1 5 9 3 7 9 1 3 0 9 7 7 5 4 3 8 0 0 9 1 5 6 9 9
5 6 1 3 8 2 5 6 8 1 4 9 9 0 6 0 3 7 3 7 0 1 8 1 9 9 8 5 7 8 5 6 4 3 2 1 9 7 3 9 9 5 9 6 0 9 9 8 5 1 0 0 1 5 5 3 2 0 7 7 3 0 0 6 0 0 2 9 5 9 0 6 9 8 0 1 2 1 0 9 1 9 5 8 5 5 9 1 6 5 4 3 4 2 9 3 9 4 9 1 7 6 2 9 0 4 8 9 5 0 5 1 6 7 3 9 3 2 4 7 5 0 3 7 6 3 0 6 8 9 5 6 4 0 6 2 9 0 3 5 6 0 7 0 8 5 8 1 0 5
9 7 4 0 2 6 7 5 7 2 3 1 2 2 6 5 4 7 3 2 5 6 5 2 5 1 2 9 7 0 1 7 0 8 9 5 7 7 8 3 4 5 6 3 5 8 8 1 6 4 0 0 0 2 1 2 9 3 1 2 9 1 2 2 7 2 7 2 8 3 9 0 2 5 8 2 1 3 4 0 5 7 3 1 4 9 6 1 1 5 6 9 5 3 5 2 3 4 0 5 0 6 5 1 8 2 3 2 6 3 7 8 7 4 8 6 9 6 2 3 1 9 0 6 1 2 1 6 2 1 1 8 2 6 4 1 5 8 9 7 7 7 5 3 5 9 0 0 6 8
0 7 7 2 5 2 8 2 3 5 7 5 9 0 9 5 7 4 6 9 0 5 5 1 3 7 6 0 6 9 2 3 5 8 1 2 0 3 4 7 3 8 5 1 6 0 9 7 2 7 4 4 5 9 8 8 6 0 9 5 1 1 1 3 0 4 4 3 4 7 2 9 5 7 2 1 0 3 5 2 0 0 5 4 2 0 5 0 6 4 8 6 9 9 3 8 6 0 1 7 8 5 1 1 9 6 9 5 7 7 6 8 2 4 9 4 5 8 2 8 7 4 8 0 8 0 5 9 0 6 4 4 2 3 2 5 0 6 5 5 3 5 1 0 5 4 8 5 5 2
7 6 2 1 0 0 1 0 6 6 7 7 9 8 6 3 2 1 9 4 4 5 3 7 8 7 7 7 5 7 2 4 4 4 7 2 0 3 4 5 6 2 7 8 5 1 5 1 3 2 2 5 1 7 2 4 8 2 5 3 5 9 1 3 4 3 3 6 0 5 6 9 7 9 0 4 4 4 4 7 1 0 7 9 0 1 4 8 3 7 2 8 2 5 4 5 8 7 0 3 0 1 4 5 2 7 9 1 9 8 5 4 4 1 3 7 0 2 0 3 6 9 0 4 0 0 1 0 0 4 7 2 9 2 0 1 0 6 0 0 2 4 6 3 3 2 6 2 0 7
7 5 3 1 6 8 6 1 9 3 5 2 0 7 6 0 0 2 0 1 2 6 7 9 0 3 4 0 5 0 6 1 3 3 6 5 5 0 9 0 7 4 1 1 8 3 8 5 0 4 7 7 9 2 5 9 2 9 1 9 0 6 2 8 5 6 5 3 3 1 7 1 3 5 8 4 3 9 3 4 2 3 4 2 3 8 3 3 4 9 1 6 2 1 3 0 4 1 9 0 3 0 9 8 0 0 3 8 5 8 7 8 1 8 5 4 8 3 6 9 2 8 7 5 7 0 4 0 0 9 8 9 8 6 2 6 7 6 9 3 6 5 7 3 3 5 3 9 4 4
7 2 5 1 5 7 5 2 7 7 5 4 5 9 9 0 9 2 9 3 1 1 6 6 5 9 4 9 4 9 4 4 2 0 0 3 8 9 1 6 0 5 1 7 0 0 3 0 4 1 1 7 1 3 4 1 2 8 2 5 0 4 9 6 9 1 4 4 3 4 5 1 4 4 1 2 9 2 9 4 5 8 2 3 9 2 2 5 7 9 6 9 9 5 9 9 4 5 0 0 3 5 4 2 0 3 5 9 0 6 1 9 8 7 1 9 5 4 5 1 7 2 1 2 0 5 0 0 9 7 6 3 9 2 8 7 4 7 1 7 5 8 4 3 7 3 7 8 4 8
2 4 5 8 4 3 0 5 2 9 7 1 3 1 0 8 6 0 6 5 3 7 6 0 4 4 8 1 2 3 3 0 9 1 7 9 3 7 0 3 5 8 8 5 9 3 5 1 3 8 3 9 9 7 0 4 4 6 2 2 4 0 0 2 7 5 4 5 0 0 6 6 2 0 1 5 3 7 4 9 5 7 9 3 4 3 9 4 2 9 9 8 5 8 9 2 8 2 2 2 6 1 9 7 5 3 0 9 8 4 6 0 5 4 2 7 5 8 8 0 5 2 7 5 1 3 1 0 3 7 3 4 5 8 9 7 7 3 2 8 4 1 0 1 7 4 8 1 2 6
6 3 7 6 1 9 9 6 8 3 2 2 0 8 4 0 1 9 6 3 0 6 9 9 9 0 7 5 9 8 5 6 3 2 1 1 2 8 7 1 7 6 6 8 7 7 4 5 5 0 8 2 9 8 6 8 7 3 1 5 5 7 6 2 9 7 1 4 8 5 1 7 4 2 1 9 5 5 9 1 2 6 8 5 1 6 9 1 5 7 4 9 1 3 8 7 1 5 4 7 8 5 0 4 5 5 2 4 7 3 9 2 5 3 6 2 7 9 7 6 1 5 4 0 1 3 0 4 0 4 0 7 0 4 3 0 8 7 2 7 7 0 3 2 2 3 9 5 8 3
8 3 8 7 1 3 7 3 2 6 1 2 4 2 7 8 4 7 0 5 7 3 2 5 7 2 6 0 8 8 7 1 9 0 8 5 0 4 1 7 0 3 1 4 0 5 5 1 9 5 6 5 3 7 6 5 1 6 9 5 2 2 2 6 6 8 8 8 4 5 2 6 3 2 6 1 8 8 3 1 2 4 8 7 7 3 2 5 5 9 9 3 6 2 4 9 7 1 0 9 6 9 3 4 6 6 5 7 3 3 4 4 2 9 9 8 1 8 0 8 7 1 0 8 7 2 9 8 0 0 3 2 2 6 3 1 6 0 8 1 1 5 9 6 8 3 2 3 6 2
2 9 6 4 6 6 8 1 5 9 7 2 6 9 5 3 0 1 4 9 7 8 1 9 0 2 7 3 1 5 2 3 7 7 6 8 3 7 3 7 3 9 5 2 8 3 3 6 9 8 3 7 3 4 8 7 6 8 0 9 1 0 0 3 7 9 0 8 8 7 4 5 6 3 9 5 0 2 1 1 5 2 8 2 5 8 3 1 8 6 1 2 8 5 6 9 5 3 2 1 3 9 3 6 6 4 9 1 9 8 1 2 9 9 6 8 4 0 8 2 6 4 4 2 7 2 0 3 1 6 0 9 5 7 6 9 2 9 0 0 6 8 2 9 5 9 6 3 6 8
9 3 6 7 0 2 7 5 6 8 1 1 2 2 4 0 7 9 4 2 3 4 6 5 6 2 7 8 7 6 3 6 9 6 5 3 6 1 5 5 7 2 9 4 0 2 3 7 6 0 8 4 5 9 0 8 6 2 2 8 4 8 9 4 9 4 8 3 1 7 7 7 8 1 2 8 6 5 1 6 3 6 4 8 8 5 4 2 3 7 5 1 7 5 9 7 5 9 5 3 8 1 4 2 1 7 7 3 2 5 9 8 2 7 8 6 6 1 3 2 2 1 0 8 2 2 7 2 0 4 8 0 0 0 5 7 7 7 0 8 8 9 0 0 6 4 0 9 8 0
6 0 5 6 0 3 8 4 4 7 0 3 3 7 0 2 7 7 9 1 4 2 6 6 0 5 7 7 8 4 1 1 0 0 0 4 4 7 9 6 8 4 3 6 8 6 5 3 7 2 6 6 0 3 7 3 5 2 7 2 2 7 3 3 2 7 5 5 3 9 6 6 5 6 0 3 5 8 1 0 0 6 2 6 2 8 8 6 4 3 7 1 0 8 6 9 1 3 9 3 8 1 3 0 7 8 7 1 8 1 8 3 3 9 3 9 3 1 0 7 9 5 5 4 5 6 1 4 0 6 2 9 0 0 5 7 1 9 1 2 1 4 4 3 2 8 7 6 3 4
8 5 6 9 7 3 0 3 6 7 8 1 7 4 3 0 5 1 7 5 5 2 7 2 9 9 9 1 1 4 9 6 1 5 0 4 1 4 9 2 8 6 3 4 0 2 4 0 4 0 1 0 7 4 4 3 2 7 9 8 3 1 9 3 5 5 2 8 3 5 1 9 0 5 3 4 3 1 4 8 7 6 2 1 6 6 6 7 8 7 2 4 2 1 2 7 5 7 7 1 1 9 5 8 0 7 7 4 6 6 1 0 6 1 7 2 8 6 0 0 5 5 6 6 3 1 6 6 3 6 9 0 9 0 5 8 3 7 5 3 4 5 8 9 7 8 4 5 9 6
8 0 7 5 4 6 8 0 4 6 4 1 4 1 8 4 5 4 8 9 8 6 7 3 2 9 1 2 9 3 7 7 9 9 0 3 8 9 9 9 9 1 8 0 1 2 5 7 6 5 9 0 5 4 2 7 0 3 1 7 0 3 6 9 6 2 5 4 4 9 4 3 1 0 8 8 9 3 3 3 2 3 8 6 6 7 4 7 5 9 9 8 5 6 5 4 1 0 9 6 2 0 3 3 5 6 5 0 5 8 4 5 7 2 4 8 4 3 0 3 4 5 8 9 7 2 6 3 7 9 9 9 8 0 0 2 8 3 1 9 1 6 8 8 2 1 8 2 5 2
5 5 9 9 9 5 0 9 5 5 1 3 8 7 9 1 1 1 0 7 7 1 8 0 7 4 7 8 7 4 4 4 7 1 0 5 3 5 7 3 5 7 5 9 2 3 2 5 7 0 3 9 5 5 0 2 6 5 8 2 7 2 1 3 0 4 0 9 5 8 6 9 1 1 4 7 5 8 0 2 6 1 4 6 7 6 2 4 7 7 7 3 9 6 4 5 2 1 8 2 0 0 4 2 7 5 5 1 7 0 0 5 8 0 4 0 6 6 7 5 5 8 4 7 4 8 4 7 6 0 5 4 8 9 7 0 1 7 3 4 1 8 1 0 3 3 2 1 4 9
0 3 9 4 9 7 5 0 0 6 0 2 1 8 5 5 0 1 4 5 9 5 2 7 4 0 5 3 0 0 4 1 3 1 1 4 0 2 8 6 4 4 9 0 6 2 9 2 3 3 7 1 8 5 4 0 8 3 0 7 1 5 2 2 7 0 2 4 6 3 9 5 5 8 9 4 7 2 2 8 6 3 9 3 0 6 4 6 3 1 8 8 1 9 5 5 7 4 8 0 7 1 6 5 7 6 6 8 9 8 5 0 4 2 0 4 5 0 9 9 3 4 9 5 1 6 8 8 2 9 7 2 9 9 5 6 0 1 7 5 4 8 6 0 8 2 6 5 7 7
5 8 3 7 7 8 8 1 4 5 0 1 5 0 7 6 0 5 4 8 4 3 7 8 6 0 2 8 4 9 7 1 6 6 6 4 3 7 0 5 5 2 3 5 6 1 7 6 7 9 2 3 5 0 7 4 5 4 6 2 3 4 2 8 5 2 1 1 1 3 4 4 0 1 8 0 1 6 7 9 2 3 0 9 7 2 5 2 7 5 9 9 1 7 0 1 5 1 2 7 6 3 0 9 2 8 9 2 5 0 2 9 3 2 2 1 6 8 8 9 0 2 2 2 8 5 0 8 9 5 9 6 9 6 0 0 2 0 8 6 5 0 7 2 9 3 4 7 9 2
1 8 1 7 1 5 1 6 0 1 8 5 5 5 1 9 6 2 2 2 4 0 3 6 0 0 7 9 0 0 3 6 9 9 6 5 7 9 0 2 1 4 3 4 1 5 2 2 4 1 6 6 1 2 4 0 6 6 2 1 7 8 6 7 7 1 3 1 9 7 3 9 4 9 3 9 0 6 4 8 6 8 8 2 5 5 9 3 1 8 6 7 7 5 1 1 3 3 6 2 4 4 5 9 4 4 0 6 1 0 9 2 6 8 2 6 4 6 8 9 9 5 3 7 4 2 5 1 0 2 3 1 1 9 2 9 3 8 0 7 1 6 6 9 3 9 5 8 4 7
1 7 3 7 3 4 8 6 5 6 4 2 9 3 0 3 4 1 5 5 5 6 5 2 0 0 0 0 7 8 4 6 3 3 3 6 9 1 8 0 2 0 4 8 3 4 0 2 7 7 6 1 3 5 2 5 2 3 0 0 4 6 7 7 6 8 5 1 1 4 3 9 1 0 2 1 6 1 5 9 0 2 2 5 7 8 9 1 7 6 0 9 2 6 4 7 7 0 2 7 7 5 7 4 5 3 2 3 5 0 7 1 5 9 0 4 6 3 0 5 2 5 2 4 1 7 1 1 4 0 4 8 2 2 9 8 8 7 8 0 5 1 2 4 3 9 9 8 5 0
0 1 8 7 4 1 7 0 8 5 2 7 0 7 2 5 0 4 5 2 1 5 7 8 0 5 1 0 5 8 1 7 1 4 1 9 3 8 2 9 8 9 4 9 9 7 5 9 1 9 0 6 1 5 9 3 9 3 1 6 2 5 5 1 5 7 0 0 8 3 1 0 8 9 9 3 5 7 2 8 2 2 7 5 9 2 5 6 9 1 6 6 1 8 3 7 5 8 6 0 4 8 6 3 2 8 4 2 0 7 8 9 4 3 5 7 9 1 2 6 1 5 7 9 5 8 2 8 2 3 7 0 9 1 6 9 2 1 7 1 0 3 2 9 6 2 2 7 6 0
9 7 9 9 1 5 7 7 7 2 4 1 1 6 6 8 8 1 5 7 7 4 8 6 3 6 3 3 5 3 9 6 6 4 0 9 0 5 6 2 8 0 4 0 7 1 7 6 3 7 8 0 7 5 1 0 1 8 7 8 5 0 9 2 5 8 1 9 1 8 7 8 7 3 0 0 0 1 8 0 8 3 8 5 8 5 8 6 6 0 9 7 7 9 6 6 8 2 7 1 0 9 1 5 1 2 7 4 5 7 1 7 0 8 9 9 5 1 0 8 9 5 0 9 7 6 0 8 4 6 0 1 9 3 2 0 7 0 1 6 2 0 4 7 4 6 1 8 3 1
3 5 1 8 4 2 0 4 7 7 5 9 2 7 5 2 2 0 0 1 1 0 1 7 7 2 8 6 5 2 4 8 5 7 1 3 4 6 0 3 7 4 0 6 9 9 3 5 5 2 4 3 9 9 1 8 2 9 6 2 4 4 2 1 1 1 9 4 2 9 8 1 2 5 6 3 3 6 5 2 4 2 6 8 9 5 0 0 8 9 6 6 1 6 3 9 9 0 1 2 7 2 3 5 7 0 9 5 6 4 3 5 9 2 8 3 4 8 9 2 8 9 7 1 3 5 8 6 1 2 1 7 0 9 6 8 9 4 5 8 8 8 0 5 7 7 6 2 7 3
5 1 3 5 0 7 2 5 8 6 5 0 8 1 0 6 6 2 5 0 5 9 5 2 5 2 0 2 4 8 9 5 4 5 7 7 0 9 2 8 5 0 2 1 8 2 1 2 5 5 2 2 6 4 9 4 9 1 7 1 0 9 3 7 8 2 8 2 9 2 8 6 7 2 0 2 8 4 9 4 1 0 5 6 6 7 5 2 6 9 9 0 8 7 5 1 5 8 0 5 9 2 1 1 1 1 3 0 5 0 1 7 6 6 8 8 0 7 2 3 8 8 1 9 6 0 6 9 1 1 1 9 4 9 3 1 9 0 3 7 4 2 7 0 4 6 9 5 2 2
3 4 7 4 0 7 1 0 2 5 9 9 2 7 7 5 8 1 9 4 6 4 9 5 3 9 8 3 5 8 4 8 1 9 8 6 2 3 6 0 4 3 7 2 2 5 8 7 8 7 1 5 9 0 9 9 1 1 9 1 6 9 3 8 8 8 5 7 7 8 3 8 8 9 2 3 6 4 0 5 7 5 7 9 4 5 6 1 6 1 4 8 5 9 3 2 0 5 3 8 6 5 2 7 9 1 3 5 6 5 8 8 4 7 6 0 1 1 6 7 5 2 2 6 2 4 3 9 4 6 8 5 8 9 2 4 2 4 7 4 2 5 3 0 0 6 7 0 7 0
3 5 0 7 7 2 4 4 9 8 8 5 2 2 1 4 6 8 9 4 4 8 0 8 0 2 7 9 0 6 5 1 7 2 5 0 0 3 0 4 3 8 7 6 6 8 6 2 1 9 7 9 0 7 5 5 3 9 8 5 1 2 8 5 7 9 2 8 0 8 3 8 4 8 8 9 7 1 5 0 6 5 9 9 2 0 5 3 6 8 1 5 6 6 2 8 3 1 3 7 4 2 9 9 5 6 3 1 9 1 7 2 1 9 8 4 6 2 9 2 7 0 3 7 3 9 0 5 7 3 1 1 4 1 2 7 5 3 7 8 3 5 5 1 5 0 5 7 9 5
4 7 7 2 6 9 4 3 7 4 5 4 0 5 0 6 0 1 3 3 5 4 3 1 9 5 3 3 4 5 7 3 6 0 2 4 7 4 3 3 0 3 6 6 6 2 7 3 9 4 4 3 4 6 3 2 8 3 3 5 5 9 1 8 3 3 1 8 2 7 3 6 2 0 2 6 9 7 2 4 8 0 0 6 8 5 8 0 5 5 7 2 9 6 2 6 7 7 4 0 5 4 4 3 1 8 0 6 3 9 2 4 5 9 8 4 3 5 3 1 1 4 7 3 6 9 4 2 6 5 7 3 6 7 8 2 8 4 1 4 4 9 4 8 7 7 0 2 4 1
4 4 4 0 4 0 9 4 9 2 2 7 9 2 2 3 5 4 9 0 8 3 7 0 9 2 3 3 8 0 4 9 3 8 1 4 0 0 3 1 4 3 9 3 1 9 0 9 9 1 2 1 4 4 1 6 0 4 0 0 3 7 0 4 8 2 9 1 6 7 4 1 4 0 8 7 5 6 6 4 6 2 2 2 0 1 6 8 3 3 8 8 0 3 3 9 4 9 7 3 8 0 8 7 2 9 4 0 2 7 3 3 1 7 6 2 1 4 3 2 6 4 4 3 2 2 8 9 6 0 9 4 6 0 3 6 2 0 9 0 2 3 0 4 0 8 5 0 7 9
9 8 8 0 4 5 3 0 7 9 3 3 9 7 2 2 5 7 9 8 0 5 7 7 7 6 8 7 6 2 2 3 8 7 8 6 6 2 0 1 2 0 6 8 9 7 5 3 9 5 7 1 1 9 1 2 1 9 8 7 1 9 0 2 4 1 4 5 2 0 7 6 3 7 3 0 5 7 9 8 5 7 9 8 1 5 1 6 0 0 6 9 2 9 1 4 4 1 0 6 0 2 3 0 5 9 0 7 2 4 8 7 4 8 7 0 3 1 8 2 8 3 5 5 6 9 0 6 4 2 0 8 8 8 7 9 9 8 4 5 7 8 2 1 3 7 2 9 0 5
8 8 9 6 9 7 1 9 0 7 4 4 7 7 2 2 1 0 5 4 7 4 6 5 7 1 0 8 8 0 3 8 8 6 4 4 4 2 1 1 8 6 5 3 1 5 5 5 7 1 3 8 4 3 1 0 5 9 2 8 9 6 5 7 9 3 8 7 2 9 9 0 6 2 6 7 6 5 1 5 5 8 5 3 9 8 4 1 3 2 4 3 4 2 3 9 7 2 9 7 1 3 0 9 2 8 0 9 1 6 7 7 2 6 4 1 3 0 1 6 9 5 5 4 0 9 4 0 5 9 5 0 1 8 4 9 0 4 6 6 5 9 0 0 7 9 0 0 3 0