200
3 5242
26 4894
52 3706
61 8838
51 4118
70 3447
22 4412
93 7410
21 4574
38 6756
70 5484
66 1625
45 6737
85 8647
40 7435
10 5246
95 199
22 6497
97 9541
5 3973
54 4475
24 3268
2 5467
6 8756
10 1957
29 7990
21 5020
30 10091
94 4155
39 6629
25 5385
96 9699
38 3192
99 7425
97 3955
7 8229
72 8655
57 3756
17 2847
37 4709
26 3498
98 8989
49 9496
56 3436
60 7794
4 2951
42 3954
49 958
23 6631
46 9360
69 1487
53 1236
92 7011
54 5694
33 6008
2 6102
63 9525
83 7588
96 3212
77 9276
72 5203
56 9061
52 913
59 1827
47 1435
92 6596
25 7592
38 9293
53 654
59 7214
87 3779
66 3291
45 2859
30 9039
33 9907
7 1768
55 1938
53 1746
69 3251
90 9517
71 2505
56 416
41 2047
100 9474
13 8621
50 9113
5 8433
83 1258
45 5482
31 5696
10 4538
98 9439
68 7093
35 6400
87 3610
61 3048
44 8646
60 7407
55 710
2 2752
33 2277
82 795
40 7424
62 5012
23 479
32 572
77 3172
30 7325
72 5672
30 3497
13 8016
67 8781
78 8585
22 6607
72 4207
8 2768
99 3888
50 4756
2 8315
23 347
61 608
93 8167
53 7835
40 5361
56 167
82 8151
84 8737
100 5412
52 688
52 6721
98 2234
41 2748
84 942
67 10015
8 8714
26 4957
39 4587
22 3330
58 5048
31 2046
34 7439
56 7019
84 1931
43 3777
64 739
59 5056
56 264
27 6379
76 9779
100 8637
29 8058
26 7396
64 2454
35 3490
52 6891
41 8832
86 5085
62 6807
34 302
14 4376
66 7673
48 4747
93 8770
17 8252
59 6488
55 6375
72 5128
89 3934
91 7695
27 5714
42 7124
27 3819
23 5484
16 6831
16 7823
11 5589
94 3254
91 1070
46 6384
61 3599
23 1505
43 3858
78 4119
50 1484
15 1731
89 2265
78 2739
45 7447
14 3239
49 8189
40 7308
32 9995
19 2910
38 8685
39 3224
60 4504
73 2052
81 2925
98 418
9 9985
0 6 4 2 3 6 3 5 0 8 4 8 2 8 8 0 4 4 3 2 6 9 4 2 1 5 3 9 2 6 7 2 1 2 2 2 4 2 8 4 2 5 7 3 8 7 5 1 8 0 0 5 4 7 9 2 3 2 3 6 1 3 4 9 1 0 9 8 4 1 1 7 1 6 0 4 9 6 0 1 4 2 2 5 5 2 4 3 0 8 1 7 7 8 9 2 2 7 8 2 1 8 4 4 4 6 1 1 8 5 3 7 8 2 1 9 6 1 0 5 2 9 2 6 5 1 9 7 9 2 8 2 9 7 7 0 3 2 5 3 9 0 8 3 6 6 9 8 6 5 0 9 9 3 2 3 7 8 1 2 6 2 4 0 9 3 2 8 8 7 3 4 6 0 3 0 2 3 9 0 4 0 9 6 6 3 0 8 2 3 8 0 3 1 4 7 4 3 8 4
1 0 1 1 1 8 3 7 2 4 9 4 7 9 1 6 0 1 8 9 9 2 3 5 5 3 5 0 4 4 6 9 5 3 4 3 2 1 3 6 4 5 4 1 4 7 7 4 9 8 4 8 4 6 4 0 1 6 8 8 3 4 5 2 7 8 0 8 5 4 7 6 9 7 8 6 7 9 7 3 2 4 1 6 3 8 4 6 3 9 1 5 0 4 1 0 3 0 5 3 2 6 3 2 6 1 9 1 2 7 0 6 7 4 3 1 0 0 2 3 7 4 3 3 3 3 4 0 5 5 7 0 4 5 5 4 6 4 1 9 1 7 0 6 6 9 2 4 3 7 8 5 2 2 2 3 3 8 3 4 2 4 4 7 8 6 2 2 8 2 7 5 4 2 3 7 9 3 8 4 8 4 9 7 0 2 9 5 5 5 8 8 8 5 9 5 5 4 0 6
7 1 0 8 1 2 5 0 8 0 5 3 7 5 0 2 2 4 2 6 9 2 4 0 3 9 2 2 4 3 0 6 1 8 2 2 6 9 5 9 7 9 6 8 0 1 8 5 7 0 8 7 5 7 2 6 8 6 1 7 5 5 7 6 8 5 5 2 1 0 6 0 2 4 4 9 5 3 4 5 1 7 0 3 6 7 2 9 7 3 2 7 6 1 4 0 8 6 4 3 5 5 7 2 0 7 8 6 4 6 0 4 5 6 1 8 0 2 6 7 9 0 5 5 6 0 0 6 9 6 5 3 6 7 8 5 6 3 7 7 6 3 3 6 3 3 7 8 3 1 6 4 7 4 0 0 2 1 8 7 7 8 7 2 6 0 0 9 5 4 0 6 3 6 7 1 3 3 7 6 2 1 5 9 0 1 1 0 7 8 5 3 0 7 5 9 9 5 4 4
4 8 9 0 6 5 5 5 0 7 0 2 6 0 9 3 9 2 5 4 8 4 3 5 3 0 9 0 2 2 3 1 6 2 1 5 0 9 2 6 4 8 1 9 4 8 7 7 5 0 1 8 9 2 0 6 0 8 9 4 7 8 4 6 0 2 4 3 4 5 4 5 9 0 5 1 6 6 5 8 5 8 7 2 0 9 9 8 7 5 8 8 1 6 3 2 7 7 4 6 5 5 1 1 1 9 5 2 7 1 9 3 2 6 2 7 6 3 9 5 5 4 7 5 6 8 5 8 6 0 9 6 5 7 3 6 3 2 8 4 4 3 4 7 5 1 7 5 6 4 5 8 2 8 0 6 0 0 2 1 2 6 6 6 3 8 6 0 8 1 3 0 5 2 6 8 0 6 2 8 3 1 8 3 8 3 5 2 3 7 3 0 0 3 9 1 7 1 4 1
0 9 7 1 0 2 9 0 0 5 2 9 7 9 7 7 4 4 2 0 8 0 0 6 6 9 3 1 6 4 6 8 1 8 2 5 1 4 9 9 9 4 0 4 6 0 0 4 1 1 9 2 6 3 6 4 4 6 0 3 9 3 1 0 3 7 4 0 3 2 2 2 1 6 3 4 0 8 7 5 3 9 3 0 6 6 4 1 6 4 4 5 4 4 4 1 2 7 7 0 6 3 8 5 6 1 8 7 9 4 0 1 5 1 7 0 7 1 9 7 6 5 8 0 0 7 5 7 3 6 5 1 5 8 7 0 4 0 5 5 8 1 7 4 1 1 0 9 9 6 3 0 2 5 5 5 0 7 6 6 3 0 1 5 7 7 3 1 7 0 9 2 5 1 5 1 4 1 5 0 7 7 6 8 2 6 4 4 2 8 0 9 9 7 0 3 8 1 6 4
8 0 9 1 9 0 7 9 8 1 2 8 6 9 8 1 0 2 8 0 3 0 5 1 9 1 0 4 6 6 3 4 0 0 3 9 9 9 0 8 8 0 2 0 0 2 2 7 4 8 6 3 3 2 8 0 6 5 8 5 2 4 5 7 0 7 8 0 8 2 4 1 9 6 0 8 7 7 9 8 4 0 4 7 4 5 6 6 8 8 2 9 2 9 8 1 1 5 5 8 1 5 1 1 9 3 6 4 5 9 9 7 6 1 8 3 4 8 9 4 7 7 8 2 4 2 9 2 3 0 6 1 5 7 9 2 0 6 2 4 3 3 7 0 9 4 8 3 3 6 8 7 3 5 3 3 2 8 8 1 3 7 3 4 4 8 2 3 6 9 6 1 2 7 2 1 0 9 8 3 4 7 8 5 0 5 6 7 3 3 4 6 4 9 8 4 8 0 6 0
0 7 4 6 0 6 0 2 3 2 5 8 3 8 0 4 5 7 4 4 4 6 9 7 4 9 1 7 1 7 9 4 5 1 4 1 0 4 2 9 1 7 7 9 8 1 5 8 1 2 5 3 5 0 9 8 4 0 0 9 4 3 8 8 3 7 5 9 9 3 9 9 8 6 3 7 7 0 9 3 5 2 2 5 9 3 3 2 6 8 5 9 4 9 4 3 8 2 1 9 0 8 4 3 7 3 5 2 4 8 0 3 4 1 6 7 2 8 3 0 0 7 1 0 6 3 2 6 8 5 8 9 1 8 6 7 6 2 9 1 0 7 1 4 9 3 9 7 8 0 8 6 1 3 8 8 3 0 4 9 5 7 6 0 3 8 6 1 1 1 9 5 3 5 8 5 5 6 3 2 3 0 5 0 0 5 0 1 4 2 2 1 2 9 5 7 0 2 3 0
1 5 6 3 3 2 1 0 9 4 7 8 9 0 0 1 9 4 9 7 1 1 5 6 6 4 3 8 2 6 4 3 9 2 4 1 7 3 2 5 0 4 2 2 8 8 5 7 9 8 7 1 4 0 6 3 1 2 5 6 9 2 5 3 9 5 0 8 1 4 6 6 9 3 8 5 4 8 3 5 2 3 9 2 0 7 2 6 7 6 4 5 8 9 3 6 8 6 7 8 6 4 7 0 6 1 9 8 3 9 5 8 8 1 9 1 3 7 8 5 5 7 9 1 0 0 9 8 8 2 9 5 6 4 7 6 7 1 6 7 3 3 3 6 8 3 0 9 6 7 9 4 7 0 4 3 1 1 0 9 8 7 6 7 0 8 1 8 4 8 3 5 9 6 0 7 3 2 2 7 9 2 9 1 3 9 0 3 5 7 7 2 7 1 5 8 4 0 8 8
9 7 5 8 1 5 0 0 0 3 4 6 7 1 2 9 7 4 3 0 3 5 8 5 8 5 4 8 7 9 0 7 9 9 5 2 0 4 4 8 6 3 6 2 4 7 1 9 7 6 5 0 7 7 4 5 9 1 2 2 8 8 8 9 3 8 1 9 7 0 3 8 3 8 5 0 0 1 3 2 5 8 6 1 2 9 5 1 3 9 8 7 5 5 0 9 4 1 1 1 8 4 2 6 6 5 4 5 3 2 7 3 5 7 6 9 7 5 3 5 2 1 7 7 3 0 6 2 5 5 6 4 9 8 7 8 1 2 7 9 2 8 9 9 3 4 2 2 5 3 1 4 6 4 0 4 8 5 1 8 5 4 2 9 6 6 2 8 8 6 2 0 8 1 4 8 7 2 4 5 9 3 3 4 7 0 0 3 6 5 3 2 0 9 8 4 5 2 3 5
5 1 3 0 6 9 5 0 9 0 3 9 8 4 1 9 0 4 3 1 0 3 6 4 8 1 3 0 7 6 8 1 4 8 4 3 4 6 6 8 5 8 4 1 9 8 8 1 0 6 0 9 4 4 3 4 4 0 1 1 4 7 0 9 8 8 6 8 1 2 0 7 0 2 7 8 8 9 4 9 7 7 4 5 8 5 9 7 6 6 4 6 9 3 5 3 2 2 2 3 4 3 5 3 5 8 1 8 4 4 9 8 5 1 0 3 3 8 7 9 1 5 9 4 7 7 5 8 8 1 3 9 3 0 8 6 1 0 0 6 4 1 7 6 3 1 7 4 8 2 5 7 6 3 1 1 4 7 7 3 0 1 7 5 4 3 3 4 5 9 7 1 1 1 9 6 6 5 8 3 1 6 1 7 7 6 9 0 5 5 7 5 2 6 4 5 7 9 6 9
6 4 5 3 4 6 1 5 7 0 0 0 8 9 7 3 8 0 7 1 5 8 7 1 1 2 9 1 5 1 1 9 8 3 1 1 3 6 2 3 4 6 0 8 2 3 8 5 8 1 3 9 2 1 0 7 8 6 6 6 3 5 7 2 8 8 5 4 7 4 7 0 9 8 2 8 4 6 7 7 8 5 5 3 5 1 9 7 7 6 8 6 3 3 0 1 7 9 1 6 5 0 0 4 8 2 3 3 6 1 6 2 3 1 4 5 2 5 7 3 9 6 6 1 4 5 0 7 3 8 2 9 9 9 7 6 3 6 6 0 1 8 1 6 7 3 4 0 7 4 1 0 8 6 5 6 4 1 3 6 5 9 4 2 1 2 5 7 3 0 3 5 2 1 8 4 9 1 5 6 9 8 0 9 0 8 6 9 7 2 4 2 1 5 3 8 8 7 7 4
7 7 3 6 6 0 0 4 9 8 4 0 8 7 0 8 9 6 2 6 0 3 4 4 3 5 4 5 8 9 7 7 0 4 3 9 7 1 3 3 3 8 3 4 0 2 4 2 2 6 1 1 4 4 8 0 7 5 1 1 0 6 4 8 5 4 5 1 3 5 5 6 0 4 5 0 8 5 1 0 8 4 6 1 0 7 4 9 2 3 2 2 1 1 3 2 3 8 4 4 2 0 3 6 1 9 3 8 7 5 1 5 9 2 8 5 5 9 5 0 3 7 4 8 3 1 3 3 4 9 4 3 9 1 4 8 9 9 0 0 8 4 8 5 5 9 6 3 4 1 1 2 1 8 6 9 2 2 6 9 5 4 3 6 8 2 4 4 0 9 7 2 5 8 2 6 5 6 9 4 2 2 2 8 8 1 9 5 6 0 2 3 4 7 1 1 2 9 5 0
6 6 7 1 8 8 6 6 9 4 8 9 0 6 4 9 9 6 0 2 1 2 7 0 2 5 7 0 2 7 1 1 5 1 9 2 9 1 6 0 6 7 3 6 4 1 1 6 6 1 6 1 5 7 4 9 6 7 5 7 9 8 8 8 7 9 3 4 2 8 1 8 9 3 7 6 7 6 4 8 5 8 5 3 0 1 5 5 5 8 2 0 0 7 8 2 2 7 8 1 4 9 1 0 0 3 0 6 5 8 3 2 5 3 8 3 1 3 9 6 4 5 9 7 3 9 9 5 9 2 6 1 5 6 4 7 0 9 9 0 6 0 5 5 5 9 5 0 6 7 6 2 8 6 6 9 1 2 5 4 1 9 6 6 7 5 5 5 4 6 4 4 6 7 6 3 2 6 7 9 1 2 5 0 6 2 4 9 0 5 8 2 6 3 2 5 9 0 6 6
9 2 7 4 6 6 8 9 7 4 0 2 8 0 7 7 7 9 0 2 2 3 4 6 8 3 2 2 8 7 7 0 1 0 8 4 4 8 6 7 0 2 4 6 7 6 7 9 0 9 0 9 9 8 3 4 4 3 7 5 9 4 9 9 3 1 0 6 2 9 5 2 6 9 2 1 1 8 0 7 8 5 1 5 3 5 0 4 5 4 2 9 3 2 6 6 3 5 1 5 4 9 5 1 6 2 7 1 6 5 6 5 7 5 3 9 7 5 5 6 2 2 7 1 7 9 8 7 7 0 4 1 3 6 9 1 2 4 7 6 5 0 4 3 0 1 2 1 6 4 7 2 3 0 2 4 0 8 6 3 9 5 8 6 3 9 9 3 2 9 7 5 5 2 3 3 7 3 4 9 6 1 0 7 5 0 5 9 5 2 8 2 2 1 1 6 8 6 5 3
3 3 0 2 1 9 8 8 4 2 8 5 7 2 0 2 0 0 4 1 8 0 9 3 0 4 6 7 8 8 6 7 2 1 1 7 4 5 7 2 8 8 3 1 9 7 4 8 3 6 3 3 0 9 2 8 0 3 7 1 1 2 2 0 5 2 7 3 8 5 6 3 9 7 2 6 3 3 9 9 4 1 1 3 3 1 9 1 3 9 2 7 3 5 8 2 6 2 7 3 1 0 7 6 8 8 9 2 3 1 1 6 2 2 9 9 1 5 0 9 7 1 2 2 9 2 4 5 5 8 3 8 1 0 8 2 2 0 4 5 4 6 3 0 0 8 7 8 8 8 5 3 4 6 1 0 2 2 8 4 1 5 2 5 6 0 5 9 3 2 1 6 7 2 4 5 9 0 5 8 4 1 1 4 4 5 8 0 1 7 6 9 3 5 5 2 9 3 0 4
8 1 7 9 9 1 9 0 1 8 8 2 3 2 1 0 0 9 6 1 3 8 3 3 6 0 1 3 1 9 3 9 8 8 2 7 9 5 1 1 9 0 3 2 9 6 3 0 3 1 3 2 1 0 3 5 1 0 7 0 9 0 4 6 5 0 9 3 5 3 6 8 2 1 6 5 4 8 0 0 5 2 8 4 8 8 9 4 7 1 6 1 0 3 7 8 7 5 7 1 6 9 4 7 1 8 8 3 9 4 5 3 3 1 0 4 9 3 4 8 7 4 2 0 3 8 4 4 9 0 8 5 6 8 3 8 2 9 2 7 2 5 4 7 3 4 8 3 3 2 3 0 5 3 8 7 0 1 7 0 5 3 6 4 0 0 7 3 1 0 3 8 1 9 4 6 7 0 2 2 2 5 6 6 3 4 4 3 1 4 6 2 7 7 0 4 8 2 2 8
8 6 5 9 8 6 7 2 5 7 6 3 9 7 0 7 0 3 1 5 0 0 4 4 7 5 7 8 6 7 7 6 9 9 4 5 9 2 2 9 0 5 4 4 5 6 8 3 5 8 1 5 3 0 8 2 9 0 9 4 1 7 1 2 1 7 8 3 4 5 9 2 3 1 2 7 7 8 6 4 5 0 7 9 4 9 5 2 0 9 3 5 8 4 3 8 9 0 9 2 3 7 9 8 1 4 8 0 5 5 7 3 4 9 7 6 2 6 5 3 8 5 7 3 1 8 6 2 6 1 7 2 4 9 7 6 4 1 9 2 7 8 6 4 5 9 4 2 0 5 6 0 5 6 4 8 2 8 2 7 9 6 5 3 2 3 2 8 5 2 6 4 5 8 4 1 5 4 2 5 0 6 4 0 8 3 7 8 4 2 2 5 7 8 3 4 9 2 8 6
1 0 4 5 1 3 3 1 4 5 6 4 9 1 3 1 6 0 4 3 3 1 7 8 1 0 7 9 1 4 8 3 8 3 6 0 6 3 4 7 9 9 1 0 2 4 4 7 8 2 1 8 9 4 1 0 4 5 0 7 0 5 0 1 7 8 6 3 6 0 8 3 1 2 7 7 1 7 4 4 3 6 0 8 3 4 9 1 3 7 0 1 5 4 6 5 4 6 0 5 7 1 9 5 4 9 8 5 2 7 5 7 9 9 3 2 2 3 0 9 7 6 9 1 8 0 4 9 8 4 8 9 6 7 8 3 0 5 4 4 4 1 1 2 2 7 4 8 0 9 2 2 8 1 9 2 9 4 1 1 7 9 4 1 5 7 3 3 0 0 2 0 8 2 9 3 7 9 1 3 6 8 3 6 8 7 4 3 3 7 0 9 0 4 6 8 5 1 8 2
1 2 8 4 1 4 9 9 5 8 0 6 7 4 0 2 3 5 0 9 0 1 8 1 8 2 9 2 7 4 1 6 0 5 0 3 0 1 5 3 4 0 2 6 8 0 3 9 0 2 5 1 6 5 2 4 3 1 4 2 8 1 7 7 3 6 1 8 3 9 8 0 3 8 5 7 6 3 8 6 1 5 3 1 4 0 3 0 9 2 7 0 3 2 4 1 6 2 7 7 6 7 2 3 8 9 4 2 9 8 0 0 4 5 1 2 1 8 3 9 6 0 5 1 9 7 9 9 7 5 6 3 8 7 8 7 7 5 8 3 5 5 4 5 8 8 1 5 3 7 3 4 4 3 9 6 6 9 9 2 1 8 4 7 8 7 4 5 9 6 8 8 4 9 0 9 8 3 8 8 2 3 0 3 0 1 7 5 3 5 0 9 5 0 2 7 1 2 8 8
4 6 1 3 8 9 7 5 2 3 5 8 6 7 4 9 6 3 2 0 8 0 5 1 2 4 0 8 7 9 2 7 8 2 7 2 4 5 9 4 8 8 7 7 5 0 2 6 9 3 4 2 9 3 4 4 1 3 3 7 4 2 4 8 7 4 3 1 7 2 5 6 8 7 2 7 6 9 7 9 6 1 5 2 0 8 7 9 8 0 0 2 0 2 7 2 3 6 7 5 5 0 0 7 7 0 6 7 2 8 6 7 3 2 0 4 8 5 1 3 7 5 9 9 7 6 5 5 8 8 7 5 8 1 9 1 3 0 8 9 6 5 2 1 4 6 6 7 5 4 7 5 1 2 2 7 8 2 7 2 2 9 5 1 4 6 7 1 1 5 2 6 2 4 8 6 3 2 2 2 0 5 0 5 6 4 2 4 2 4 4 5 0 3 8 8 9 6 7 4
4 1 9 0 3 6 6 3 3 4 0 4 7 4 6 6 3 3 7 7 0 0 2 9 2 0 1 2 6 1 8 7 4 4 8 5 5 9 8 0 3 7 4 4 9 8 5 0 4 6 9 9 2 6 4 9 2 8 7 1 1 0 0 2 0 3 4 4 5 5 0 9 3 5 2 8 3 2 6 4 1 6 0 9 7 0 1 3 6 5 2 9 2 7 2 2 7 1 5 2 0 2 2 6 2 5 9 8 2 4 4 4 6 7 5 7 2 3 0 9 0 2 1 9 7 0 7 5 4 4 0 5 5 5 3 8 2 8 5 4 4 7 4 2 7 4 6 6 6 0 6 8 2 6 7 0 6 9 1 4 9 1 6 7 2 0 1 9 1 2 0 7 7 5 9 3 0 5 6 4 1 9 1 8 0 1 4 4 3 7 0 4 2 7 0 6 4 3 8 5
2 3 1 0 4 4 0 7 7 9 7 7 1 7 1 1 3 5 1 5 8 0 5 8 5 0 0 5 6 8 9 8 4 2 5 6 9 4 5 3 9 2 9 6 6 9 2 5 0 7 0 2 7 1 3 1 5 6 7 2 4 0 0 3 7 7 8 6 3 1 4 7 7 6 9 0 9 4 1 1 0 2 5 6 7 0 7 9 8 1 4 7 0 7 3 8 7 0 3 0 8 0 8 4 0 9 2 9 5 3 0 4 7 6 1 1 0 3 9 4 1 0 8 4 9 0 5 4 3 2 7 7 6 7 0 6 7 0 2 8 8 1 0 3 8 1 3 7 5 3 6 9 7 9 9 7 2 0 1 0 1 6 5 6 0 4 7 6 1 1 4 2 9 6 3 6 1 0 5 9 0 1 9 9 0 7 1 4 8 3 2 1 7 3 9 3 1 5 3 1
4 5 1 7 4 5 1 3 7 1 1 9 5 4 4 8 2 2 2 9 1 2 0 6 0 3 9 9 3 4 9 8 9 7 7 3 9 1 1 6 7 8 6 6 3 3 8 3 6 3 7 3 8 0 5 5 4 7 7 1 6 6 1 4 7 3 3 1 0 7 8 0 9 1 5 5 5 8 7 1 2 9 0 7 6 3 7 3 6 2 2 2 4 0 3 8 0 1 0 1 1 2 9 9 4 5 8 3 0 2 2 9 5 5 4 4 0 6 0 4 1 6 0 8 4 4 6 0 5 4 2 1 7 2 5 5 3 0 6 9 2 4 4 7 6 9 1 2 3 4 2 2 5 7 1 4 9 9 6 6 0 7 8 0 0 1 9 8 5 9 5 0 5 4 4 1 9 7 8 4 7 4 6 3 9 1 2 3 7 4 5 9 5 2 3 1 2 6 2 6
1 6 5 5 0 7 6 0 8 5 5 7 0 8 8 6 2 3 3 5 1 7 9 0 6 9 2 1 7 1 0 2 7 4 3 9 9 5 0 6 9 7 1 9 8 2 9 5 6 5 0 5 6 0 1 1 0 0 9 0 4 2 0 5 9 3 1 9 8 1 7 2 6 9 4 1 1 7 0 6 9 7 1 8 6 3 1 8 6 7 5 0 5 2 6 8 9 2 7 8 9 2 3 8 6 0 6 0 4 4 2 2 1 4 8 8 8 5 9 1 8 2 7 9 0 9 3 7 8 8 4 0 1 2 0 4 5 4 8 6 6 4 9 0 3 2 0 9 2 5 9 1 9 1 9 4 3 2 6 5 1 1 2 6 5 4 4 8 4 4 3 2 7 9 4 0 0 9 1 6 2 6 7 2 3 1 7 5 3 3 9 4 1 3 7 4 8 0 9 5
9 8 6 8 5 0 3 4 8 8 8 6 4 9 8 5 5 9 2 6 8 4 2 6 0 2 1 1 6 5 0 8 6 8 0 2 3 9 2 4 6 2 4 0 4 1 9 0 5 9 8 0 8 1 3 3 3 7 2 3 4 6 5 2 4 5 0 8 7 8 7 9 4 3 0 8 2 9 5 7 8 9 1 2 8 3 4 7 7 3 2 7 4 3 0 7 3 9 7 6 2 3 6 4 0 3 7 8 1 0 0 2 0 4 5 1 7 4 3 3 0 8 8 7 6 5 7 4 3 7 8 7 5 8 5 3 8 5 0 9 7 0 7 5 2 3 3 2 9 4 7 9 9 8 0 8 5 5 2 7 9 1 0 8 0 9 4 1 4 0 9 0 7 4 5 9 3 3 5 5 2 6 7 7 0 2 9 0 9 9 4 5 4 2 3 4 7 5 8 8
8 1 7 7 4 9 2 6 5 1 0 9 7 5 2 8 2 2 4 3 7 6 2 7 3 0 5 0 8 7 7 5 9 8 2 2 9 4 7 7 1 5 5 1 6 1 0 8 6 2 4 6 1 9 8 5 3 6 9 9 2 0 3 8 0 5 4 5 7 8 2 9 3 2 2 3 5 7 5 0 4 6 7 5 9 8 7 0 2 7 8 4 3 8 8 8 7 3 7 2 5 5 1 0 2 1 2 4 2 2 6 6 7 0 1 7 3 9 4 7 8 0 8 8 6 2 4 0 8 8 5 6 5 3 0 7 8 0 8 5 7 2 4 0 6 1 2 7 4 4 6 8 0 5 7 0 0 2 8 5 2 1 9 3 0 4 7 0 1 6 1 8 1 4 7 8 7 5 1 2 8 9 4 5 5 1 9 9 5 2 3 8 4 6 2 8 8 7 9 3
7 5 4 5 9 1 6 3 3 0 2 2 3 9 3 7 9 9 0 5 0 1 7 4 5 5 0 7 6 6 4 4 1 1 0 0 0 3 7 7 8 3 0 3 1 0 6 6 9 4 1 6 3 8 2 2 0 4 2 6 9 3 8 3 0 1 0 1 1 2 4 0 4 5 4 4 1 7 4 1 6 1 7 6 9 5 9 5 8 1 2 8 6 9 6 6 0 2 0 6 1 9 5 0 3 2 2 1 4 6 6 5 8 2 6 5 7 9 6 0 7 6 7 5 7 8 2 8 2 7 6 7 0 6 9 8 5 2 1 6 5 1 3 5 9 2 9 8 8 6 4 4 4 3 9 9 8 0 9 8 5 9 2 3 8 9 7 9 6 7 0 5 5 0 7 7 2 9 3 9 9 7 4 7 2 4 2 4 0 9 7 3 1 9 0 2 2 3 1 3
9 8 9 3 9 1 8 3 8 1 7 1 9 1 5 5 6 8 6 0 9 2 5 5 1 4 8 0 5 3 4 1 5 7 3 0 3 5 0 5 0 7 8 6 2 6 2 1 3 0 3 3 7 4 2 9 5 6 9 2 5 8 2 1 5 8 0 1 0 9 7 4 4 9 4 8 7 2 8 2 6 6 8 7 6 5 1 5 4 7 7 9 5 3 5 7 1 8 6 1 0 2 0 7 0 0 2 8 4 9 8 0 1 8 6 9 5 6 2 9 1 2 3 3 6 2 2 8 1 8 5 1 8 8 1 3 6 7 7 8 2 6 0 6 4 5 4 3 7 5 5 4 4 5 9 6 3 4 9 5 6 1 1 6 4 0 5 8 5 6 0 8 7 5 5 3 7 7 1 6 6 7 3 8 4 0 8 4 4 0 6 6 8 4 1 4 2 4 8 6
8 3 7 6 5 5 3 6 1 1 4 2 2 5 3 7 5 4 9 4 4 3 0 9 3 1 4 8 0 0 8 0 2 6 3 0 0 1 9 5 9 3 4 7 6 0 5 7 1 9 9 6 7 1 8 4 9 2 7 5 5 6 0 3 2 3 5 4 6 1 0 2 7 2 4 1 2 8 1 9 9 8 2 0 0 0 0 6 3 9 6 9 1 9 0 7 2 9 2 8 8 7 8 5 1 9 0 2 9 9 6 1 7 2 9 2 7 3 3 8 7 7 3 0 4 8 9 7 5 0 2 9 0 1 4 0 0 7 8 1 0 3 0 1 1 0 0 7 2 2 1 3 4 3 0 3 2 2 9 2 8 9 8 0 1 2 5 1 1 6 5 3 1 7 2 5 3 4 8 3 0 6 1 8 3 9 5 1 8 8 1 6 4 4 0 1 7 9 8 1
5 3 3 9 6 6 8 2 7 8 0 1 3 1 5 0 5 8 8 8 6 3 9 2 4 9 9 1 0 0 0 3 3 4 5 7 2 4 0 4 8 3 7 7 7 5 3 2 3 4 9 3 1 5 7 0 7 8 6 2 3 5 8 7 0 6 3 7 1 0 5 3 3 1 5 4 0 8 8 4 5 8 9 7 0 6 5 9 9 3 2 0 6 3 8 5 8 0 0 6 4 6 5 4 0 1 3 6 8 4 5 2 2 5 0 3 3 4 5 6 8 8 3 5 8 3 9 7 5 6 3 5 3 6 7 1 8 2 6 4 6 8 1 4 3 3 0 8 2 7 9 4 2 1 5 5 8 0 3 6 9 8 0 8 5 7 1 1 3 3 6 4 0 9 1 1 6 1 8 7 4 7 9 6 2 6 1 1 5 0 8 1 6 0 9 5 1 9 3 5
4 7 0 1 4 0 4 7 8 9 7 2 5 0 8 9 0 3 4 4 2 9 0 1 0 3 0 2 5 1 0 3 6 5 0 9 8 1 8 9 4 7 5 0 4 4 7 1 5 1 1 8 0 9 5 0 8 4 5 0 9 7 3 6 3 2 0 9 6 3 0 5 5 5 1 5 2 7 3 4 8 3 0 8 9 1 9 6 2 0 2 6 8 1 0 1 0 3 7 2 1 2 6 4 6 6 7 8 4 4 2 6 5 0 8 5 4 5 7 6 6 6 6 5 7 8 6 7 7 9 1 5 4 0 9 2 1 9 0 3 4 7 6 6 4 8 9 1 7 6 9 5 9 1 3 5 5 1 0 9 2 5 4 3 8 3 4 1 3 1 9 0 1 5 1 0 7 7 8 7 0 0 6 5 2 4 8 7 0 8 2 7 3 5 2 7 4 8 4 9
6 0 1 1 1 8 1 8 7 2 8 8 7 0 9 4 8 6 7 2 6 7 4 4 4 0 6 3 1 7 7 0 6 1 2 3 7 4 9 8 8 0 7 8 5 2 5 2 5 7 1 9 7 5 5 9 6 1 9 7 6 6 0 6 7 1 5 0 8 5 3 6 5 0 3 5 2 3 8 9 4 1 8 0 6 4 7 7 9 6 0 0 9 2 5 5 9 0 0 3 9 6 3 3 3 0 4 1 4 6 8 8 3 5 7 9 8 5 0 2 9 8 2 7 2 7 6 6 0 6 7 6 8 9 1 3 1 1 1 5 6 0 4 0 7 0 8 9 0 2 0 1 4 6 2 6 1 6 8 4 0 9 2 6 0 6 1 1 7 1 0 9 4 7 7 0 9 6 5 5 4 1 4 5 6 3 3 6 3 1 8 2 5 6 7 5 2 6 2 5
0 0 9 8 4 2 9 0 8 4 2 0 3 0 0 9 1 1 3 8 9 3 0 4 4 0 1 3 4 4 6 3 0 3 4 6 9 7 5 2 3 5 3 2 0 9 1 0 2 4 3 8 5 1 5 4 1 2 5 0 6 0 1 7 6 3 7 6 4 2 4 4 0 5 6 0 9 2 3 6 5 5 7 7 4 5 5 0 4 8 5 3 2 4 7 6 8 5 7 3 8 3 8 3 4 0 4 9 6 9 9 1 2 3 4 2 0 7 6 5 6 4 6 2 1 0 9 1 4 5 5 8 4 7 6 8 7 1 1 1 8 3 5 6 3 6 1 2 3 3 9 1 4 0 3 2 7 0 0 8 2 9 0 9 3 4 2 6 3 3 6 4 3 1 2 4 5 0 7 1 3 0 0 5 4 8 8 6 2 0 0 1 3 9 9 2 3 7 8 0
1 6 6 6 8 7 8 1 2 1 7 1 9 6 2 7 5 4 6 6 4 6 5 5 2 8 0 3 6 4 0 4 4 0 4 9 4 2 1 6 0 7 9 9 5 6 8 9 6 5 1 2 6 8 9 9 8 9 1 3 1 2 2 9 7 4 3 2 2 4 1 1 2 6 8 2 1 4 9 5 2 1 9 8 2 1 2 5 2 6 7 1 3 2 1 0 3 8 6 2 7 2 9 7 9 6 0 6 9 3 2 0 7 8 7 6 4 7 9 0 6 7 2 1 5 8 9 6 4 3 8 2 7 2 6 6 3 9 4 3 2 4 3 1 6 3 7 2 1 2 7 8 4 2 2 7 3 2 7 0 7 2 8 2 0 8 4 7 3 2 2 6 5 4 7 7 4 5 7 1 2 1 7 6 2 4 3 5 4 4 8 3 0 7 2 4 2 6 5 2
1 0 7 0 5 8 1 9 4 6 5 5 4 8 1 7 0 9 1 1 7 7 4 5 3 1 1 1 8 0 2 1 1 1 0 1 3 4 2 9 0 2 6 5 4 0 3 8 1 3 2 2 0 9 4 2 4 4 1 4 0 1 0 1 8 8 0 7 3 2 8 0 9 5 9 4 9 6 1 6 1 5 8 5 3 8 1 8 3 6 1 6 9 8 4 2 1 2 8 9 4 4 3 4 1 5 4 9 8 7 3 2 7 9 0 0 2 2 0 1 1 9 3 7 2 0 2 4 2 4 7 2 4 6 4 9 2 4 3 1 5 9 8 9 5 7 4 8 2 2 9 7 6 2 9 7 1 2 6 2 0 0 7 2 2 5 7 5 2 4 6 7 2 7 1 6 9 3 8 2 6 1 9 1 9 2 7 3 9 6 0 4 2 2 3 9 9 5 4 5
0 9 5 3 2 6 0 2 7 5 7 7 7 7 4 0 0 2 8 3 4 1 4 8 7 3 8 7 5 5 3 6 8 8 6 0 2 4 3 6 8 3 8 9 4 3 9 0 2 1 1 2 7 7 2 7 6 5 6 6 4 2 5 2 6 1 4 1 5 7 3 8 2 4 6 2 4 6 5 4 4 2 5 7 4 2 2 2 9 4 0 4 9 1 5 0 2 6 9 6 0 9 2 5 2 0 8 2 8 4 4 4 3 4 9 3 0 7 4 3 8 9 9 5 2 4 4 7 5 9 2 0 2 3 2 2 8 0 2 7 2 5 6 2 9 1 1 1 0 7 4 2 3 5 1 3 8 0 3 3 8 1 5 5 7 8 5 9 1 4 3 2 2 2 2 0 7 4 6 6 3 1 4 4 3 9 1 6 8 3 5 2 2 6 1 2 6 9 6 2
6 7 0 1 8 0 4 5 4 1 5 4 3 4 1 9 3 5 8 8 2 5 3 3 2 2 5 9 4 1 2 3 8 5 9 4 0 8 3 3 4 2 3 5 1 5 3 8 4 5 8 3 8 7 3 0 6 7 0 0 3 2 5 9 9 3 7 6 9 9 5 3 5 3 9 5 8 7 2 0 3 4 5 1 5 2 1 3 7 8 5 6 2 1 2 3 7 2 4 5 9 4 1 3 5 2 5 2 1 9 3 4 8 0 3 8 3 3 1 4 2 9 8 5 5 9 9 2 0 4 3 8 4 6 7 8 5 8 6 8 3 4 6 4 7 1 2 3 0 9 4 1 4 2 7 1 5 6 1 1 1 7 3 9 8 9 2 0 5 1 1 0 7 0 2 4 1 6 3 1 6 1 9 4 4 8 9 9 4 6 2 0 4 1 9 9 5 0 3 0
4 2 0 1 5 2 0 1 3 3 9 0 8 3 1 5 4 2 2 1 6 7 9 0 5 5 3 6 0 2 7 7 7 2 4 9 6 0 8 8 3 3 6 5 7 8 3 7 6 8 7 7 4 6 6 4 6 9 3 1 7 1 9 4 9 2 4 3 0 6 7 0 2 1 1 3 6 5 9 9 6 5 4 1 8 1 9 5 3 0 4 4 5 1 1 3 7 8 5 2 2 1 3 0 1 6 2 4 9 0 3 7 3 9 2 0 4 1 1 9 0 2 0 5 0 7 1 6 6 3 2 5 7 5 0 1 4 3 9 6 4 8 9 1 5 1 7 4 2 6 8 7 6 5 2 2 7 4 2 6 8 5 2 0 8 8 2 9 5 8 2 7 1 1 1 2 4 8 2 8 0 3 7 6 2 6 7 5 9 7 7 1 6 5 0 9 6 1 8 7
3 9 3 1 0 4 3 8 5 7 9 8 0 7 5 8 3 4 3 8 9 4 0 9 2 3 9 7 2 4 0 2 4 9 4 9 2 2 0 2 5 3 5 5 4 8 4 7 5 1 7 2 2 2 1 8 7 8 5 3 7 2 4 1 3 8 9 0 9 4 1 8 8 5 2 8 7 8 5 0 0 5 0 2 2 0 8 3 4 6 5 8 2 2 2 9 8 6 3 6 4 6 7 9 6 4 3 5 0 0 8 6 6 2 5 8 9 1 4 5 9 0 0 6 6 7 8 8 5 0 5 6 1 2 8 7 8 1 9 7 0 7 1 5 2 0 8 6 0 9 8 2 9 1 9 4 3 7 8 0 7 6 6 2 0 6 3 5 5 1 8 4 8 8 9 9 0 7 3 7 8 3 8 5 8 1 0 5 4 0 9 9 9 6 1 8 6 0 3 2
2 8 3 2 8 0 4 3 2 5 7 6 4 4 8 9 0 7 3 2 2 0 5 3 5 7 7 1 5 4 4 8 5 3 0 4 6 7 6 0 6 0 5 0 3 2 2 0 7 2 9 4 6 3 1 4 8 4 8 1 0 3 9 1 4 9 7 7 2 7 1 9 1 7 4 7 8 8 2 1 8 4 4 9 8 8 7 6 5 7 1 6 2 8 7 6 9 9 5 3 3 5 5 3 8 6 7 0 0 5 3 6 4 0 4 5 3 9 1 7 9 1 9 8 6 0 8 8 3 0 2 0 7 7 0 9 3 6 2 7 9 9 3 0 7 0 6 4 8 6 4 4 3 4 7 3 1 5 6 9 1 1 9 6 2 8 9 4 6 4 3 6 2 8 2 4 7 0 5 2 4 1 9 7 7 4 1 4 0 9 0 2 8 6 0 5 7 1 8 8
4 3 2 8 6 5 5 5 7 6 0 6 3 6 6 9 4 3 0 4 8 6 8 6 3 0 2 9 1 7 2 9 9 4 4 5 1 9 9 4 0 6 2 7 3 7 2 2 6 6 4 8 8 9 0 5 0 3 2 1 4 3 1 9 5 9 3 2 1 5 6 4 2 4 1 6 2 1 7 0 4 7 0 9 4 9 4 2 4 7 5 1 2 8 2 5 5 2 3 8 3 5 6 3 8 6 7 0 9 2 7 4 9 4 0 1 0 9 6 2 9 2 5 6 6 8 5 9 1 8 4 8 0 0 4 4 8 5 1 0 9 7 1 9 7 9 3 5 7 4 2 1 6 5 0 9 2 2 0 2 2 6 9 5 6 2 3 5 2 0 3 9 8 0 9 4 2 4 5 8 9 3 6 0 1 0 0 4 9 7 1 8 7 5 3 0 0 7 6 2
9 3 2 9 4 7 4 2 7 6 4 2 3 5 1 6 8 7 3 7 5 0 3 0 4 4 1 3 0 5 8 5 1 5 8 5 5 3 3 6 3 0 4 8 1 8 9 5 5 4 2 4 9 7 8 6 1 2 3 4 8 3 8 0 5 3 3 2 4 9 1 5 5 4 9 7 2 2 0 5 2 0 1 1 4 4 4 8 5 4 6 1 7 7 0 3 7 4 4 0 1 8 0 7 6 5 1 6 6 9 4 0 4 2 4 2 7 8 1 5 6 2 4 1 4 1 1 0 9 7 6 0 9 9 8 1 9 2 5 9 0 4 8 9 1 5 0 3 3 9 2 0 9 1 3 0 9 5 6 7 5 0 7 1 6 0 4 6 5 0 6 9 4 9 5 8 6 3 5 1 4 6 2 4 5 4 7 6 8 4 4 8 0 0 3 2 9 3 5 7
8 4 9 6 8 2 4 3 1 0 5 5 3 3 0 0 7 7 7 1 2 3 8 8 2 6 9 9 5 8 2 4 4 8 4 5 1 7 5 3 6 0 0 0 5 7 4 2 0 2 1 2 5 0 5 8 1 6 3 5 8 7 0 7 7 5 8 6 5 4 2 2 8 2 9 0 6 0 0 5 0 3 5 2 6 7 6 3 9 0 4 2 0 4 3 2 9 2 4 7 2 7 0 0 3 7 8 1 0 4 1 1 3 3 8 9 8 4 8 1 3 2 2 3 0 9 7 7 1 7 0 3 7 9 3 8 1 3 9 0 2 3 5 3 5 7 9 3 7 4 1 7 4 5 4 7 1 4 9 1 0 8 1 9 1 0 4 4 0 2 3 4 9 8 8 1 0 8 7 4 2 4 5 3 4 7 9 6 3 4 0 0 7 8 5 2 4 9 7 9
9 7 2 9 2 6 9 3 3 6 3 5 1 6 0 4 9 3 5 1 3 0 5 2 8 8 6 1 4 2 4 7 0 5 1 7 7 2 3 0 0 9 8 0 0 1 0 0 7 2 3 6 2 7 7 4 6 5 6 3 6 4 5 4 5 4 5 7 3 4 8 6 5 9 4 9 0 7 2 0 0 3 1 3 0 2 6 3 2 9 3 3 6 1 1 3 4 1 5 1 9 3 2 3 9 5 4 2 7 0 5 4 9 1 7 7 2 5 3 9 3 1 5 2 4 9 0 0 9 3 5 2 7 7 5 2 0 6 1 2 9 1 4 0 6 9 7 8 9 4 6 7 0 9 7 3 6 7 5 6 4 3 7 7 5 8 9 2 1 3 6 9 3 3 7 3 1 3 6 4 2 5 7 8 0 5 0 9 2 8 2 9 5 9 5 5 1 4 8 5
6 5 1 6 2 1 7 0 0 4 1 1 3 8 7 7 1 9 5 9 0 9 0 8 7 2 0 9 0 5 0 1 7 6 1 8 2 0 5 4 2 6 1 0 0 3 1 1 6 2 1 8 5 2 1 3 2 0 6 9 0 1 7 5 9 7 0 6 4 6 9 5 4 4 2 2 3 3 7 1 7 2 8 5 6 9 0 3 6 3 8 8 4 9 1 9 5 2 3 1 8 6 6 0 8 6 2 9 4 2 8 9 9 8 3 9 5 8 4 6 2 1 7 3 7 7 5 7 9 9 0 5 7 8 6 1 0 1 1 8 7 4 7 6 8 3 1 6 5 0 9 2 5 3 0 2 3 8 8 4 6 4 6 9 4 4 4 9 7 5 2 0 2 8 5 7 6 4 5 9 4 4 9 1 2 0 6 2 7 6 6 1 9 6 2 9 0 2 1 7
4 9 5 3 8 6 4 9 8 7 7 2 9 7 0 9 8 1 9 4 4 3 8 7 9 8 9 3 0 4 4 1 9 8 2 2 6 6 7 3 6 1 5 3 0 0 2 8 8 4 1 7 4 8 8 7 5 9 5 8 6 7 0 2 2 4 7 3 3 4 3 8 0 8 5 1 5 0 9 3 3 5 3 8 4 2 8 1 3 9 4 7 7 7 2 4 2 0 6 9 1 0 8 6 4 6 9 0 2 4 7 7 6 2 9 7 3 7 2 9 0 7 7 3 2 1 2 4 1 3 5 1 5 6 5 1 2 9 6 6 5 2 7 4 0 2 7 7 5 6 6 0 8 6 2 4 3 1 1 5 8 5 3 9 4 0 7 1 9 8 9 6 7 4 4 1 6 7 5 6 9 9 6 0 0 1 8 1 0 1 5 0 7 3 7 1 9 2 2 6
1 7 0 7 9 1 0 7 7 3 0 5 6 7 6 0 3 1 8 2 0 5 0 2 4 4 3 4 3 7 5 6 6 0 2 6 5 1 8 5 4 0 5 1 4 0 0 7 6 4 2 5 0 4 9 3 1 2 0 1 3 0 8 8 6 1 7 4 5 8 9 4 3 6 7 3 1 1 1 5 7 9 4 9 6 8 4 9 6 3 3 7 4 4 3 6 4 2 6 4 6 6 9 1 8 6 6 8 2 8 0 2 3 8 6 5 5 5 4 4 3 8 6 7 7 5 9 7 6 7 6 0 4 7 6 3 0 5 2 3 5 0 4 8 7 6 7 6 5 4 4 8 6 2 5 7 9 8 5 6 1 5 5 0 8 9 2 7 3 7 4 7 8 1 6 1 4 1 4 2 8 5 6 1 7 3 3 3 0 8 7 1 3 1 4 2 0 1 2 7
4 9 5 1 0 5 5 7 7 1 7 6 1 7 5 3 3 5 5 0 8 7 7 1 3 7 6 2 3 3 7 3 0 0 4 1 9 8 5 2 2 6 6 4 8 0 1 0 5 9 9 7 6 0 6 1 0 9 7 2 3 6 3 2 7 9 9 4 0 9 7 5 5 2 4 2 7 7 4 0 6 3 8 2 6 5 5 0 0 3 1 4 9 0 2 1 5 8 0 6 2 3 0 6 8 3 9 9 0 8 5 2 3 3 4 7 5 3 7 8 5 7 8 1 1 4 9 6 5 0 2 7 7 2 6 6 4 1 1 0 4 0 6 7 5 7 6 8 0 5 2 6 2 0 6 2 0 1 1 0 3 7 4 5 1 9 6 9 5 7 3 4 3 3 9 9 8 3 3 3 5 9 1 6 2 8 2 3 5 4 6 7 3 1 0 6 1 5 9 0
8 4 3 6 6 1 1 0 2 8 8 2 8 4 4 7 3 0 8 4 3 9 9 6 7 9 1 4 0 9 3 5 3 1 8 3 2 5 6 7 6 0 4 9 0 4 7 6 0 6 3 6 1 0 6 4 4 3 9 5 2 5 5 6 3 4 3 9 2 6 6 6 3 4 1 5 6 7 6 2 9 2 0 4 8 6 5 0 9 3 6 8 7 6 4 2 9 4 5 8 8 8 8 1 2 5 8 5 1 5 7 2 7 8 6 7 5 1 8 3 4 0 5 5 0 8 1 0 5 5 9 9 7 2 3 6 1 5 8 5 5 0 7 1 2 9 8 1 7 2 2 0 6 4 4 3 1 6 3 8 6 7 7 0 7 8 2 3 1 2 3 9 1 3 1 8 7 3 4 5 9 3 8 2 5 0 2 8 0 8 7 7 7 9 8 8 1 6 4 6
5 8 9 6 9 7 2 1 7 7 5 5 9 6 0 0 1 2 9 9 1 8 6 3 5 2 0 7 4 2 2 8 0 9 5 9 5 4 1 3 4 8 5 5 7 5 7 1 1 0 0 6 7 6 6 0 6 8 6 1 7 3 0 3 3 8 9 4 1 1 8 3 7 8 6 0 2 6 9 0 9 0 4 9 9 2 3 1 6 0 4 6 9 5 9 0 4 1 9 9 1 1 2 4 0 9 9 4 6 1 8 2 4 4 8 6 6 4 4 5 2 9 9 3 4 3 4 3 3 6 3 5 9 3 9 0 3 1 7 2 0 0 2 0 0 2 1 1 8 4 5 1 9 3 1 3 2 7 3 4 2 9 4 9 8 7 5 3 0 3 9 7 3 3 3 2 3 5 7 7 3 0 4 4 8 1 1 5 1 3 0 4 4 5 4 4 0 8 1 3
4 5 7 0 1 2 2 3 2 5 9 6 3 1 4 2 8 4 6 8 5 6 3 5 9 5 6 4 1 1 5 1 4 5 4 2 2 2 3 1 5 5 8 6 0 4 3 9 8 2 0 9 4 0 5 5 4 7 1 8 6 9 8 7 2 5 1 3 1 4 7 5 7 2 4 9 6 9 9 2 4 7 6 1 7 2 0 3 7 0 0 2 7 3 2 2 8 9 8 6 3 6 0 2 5 5 2 9 5 1 4 3 8 7 4 2 5 5 2 7 1 9 9 4 8 7 6 3 8 7 2 7 3 4 0 9 8 4 8 0 7 2 5 8 8 6 2 9 1 4 5 4 2 4 4 5 0 0 9 5 1 4 6 7 5 0 4 3 3 1 1 2 6 5 6 1 1 2 0 2 1 0 2 0 6 2 6 4 5 3 5 9 8 0 8 1 5 1 2 4
0 4 5 1 4 1 3 7 0 8 6 8 6 9 9 7 4 8 6 2 5 5 9 5 8 1 6 0 3 2 9 5 2 5 1 0 9 5 0 9 2 9 7 2 2 6 8 3 3 9 0 0 0 9 9 8 3 2 0 1 4 1 9 3 4 4 0 5 4 1 1 1 8 2 7 8 5 7 7 0 3 2 9 4 4 3 7 1 8 9 5 8 6 2 3 0 2 3 5 6 3 6 8 8 1 2 0 5 1 0 5 4 0 9 2 6 3 9 6 3 5 3 1 7 2 2 4 7 1 6 7 7 6 3 3 0 4 7 9 3 7 9 1 3 7 9 6 5 6 8 5 8 2 1 1 8 0 2 1 7 7 6 5 6 3 6 9 4 1 9 7 9 6 2 8 9 7 9 5 5 6 5 5 6 5 2 6 1 4 3 4 2 6 8 0 8 1 5 7 7
8 7 6 2 2 4 5 0 1 2 5 1 5 1 6 3 8 8 5 9 7 0 1 1 9 9 7 3 9 1 1 3 7 1 8 3 4 2 9 3 6 2 0 5 6 1 2 4 2 3 9 7 0 0 7 8 5 0 4 0 9 7 3 5 7 3 8 6 6 0 9 2 8 7 5 3 7 8 5 5 2 8 5 2 6 0 8 9 1 9 6 1 6 2 8 4 6 4 8 0 2 6 9 5 4 0 8 9 8 3 7 0 4 0 7 1 8 1 1 4 6 2 7 3 6 9 7 3 1 9 8 6 4 5 6 9 5 7 6 9 2 1 6 7 5 7 8 8 8 1 3 6 2 3 3 5 0 5 2 1 5 1 8 3 1 8 2 4 6 9 6 6 5 2 9 4 4 1 1 0 7 2 6 7 6 2 6 7 5 9 6 6 0 8 6 5 0 8 2 8
2 7 0 7 7 3 5 2 8 1 1 8 9 7 2 1 8 5 3 9 4 6 2 8 6 4 5 5 5 4 0 5 1 0 2 7 0 7 5 8 3 7 5 9 6 1 3 8 8 3 9 1 0 0 3 2 9 1 4 9 0 8 8 4 4 4 4 7 4 4 0 2 0 4 9 1 9 9 6 7 1 7 4 5 9 0 9 8 9 2 4 3 0 4 6 9 5 3 1 4 4 9 1 3 1 2 5 0 0 8 5 1 5 8 6 0 8 9 8 7 3 5 0 1 4 9 3 4 4 6 6 3 4 0 9 1 5 9 6 4 1 5 3 9 6 5 8 9 3 4 1 7 6 4 4 3 3 7 0 9 8 8 5 3 4 9 8 9 9 1 4 3 3 9 8 7 9 9 7 3 5 3 7 6 1 8 0 1 1 5 3 7 9 6 2 8 9 4 3 5
7 7 7 8 1 1 0 6 3 2 2 0 3 7 5 8 0 5 3 8 7 7 0 0 1 0 7 1 7 8 0 4 2 3 1 2 4 3 0 6 8 0 1 5 6 5 2 0 2 0 4 1 3 2 0 6 5 7 0 7 6 1 8 5 1 1 6 6 1 3 4 6 6 8 5 4 0 6 3 5 4 9 6 9 9 4 5 3 1 1 2 0 2 9 0 7 7 9 3 8 7 7 1 6 2 0 3 3 5 1 8 8 3 3 0 4 8 3 4 4 8 3 0 5 9 1 4 9 0 9 7 3 1 9 1 6 3 6 1 1 7 7 7 2 3 1 2 8 4 2 8 5 2 3 1 7 2 9 0 1 2 5 0 8 5 7 7 0 5 3 7 8 1 3 3 7 1 3 5 8 0 9 5 1 2 8 6 9 9 6 5 6 9 1 2 1 1 6 9 0
4 3 2 3 6 4 0 4 8 2 4 0 9 7 8 9 3 6 6 8 9 8 5 8 5 7 6 0 7 7 4 5 1 3 1 2 2 4 2 9 9 8 9 7 0 4 8 4 1 0 8 7 5 4 4 0 8 9 7 1 5 6 8 0 3 0 5 9 1 3 1 6 7 4 6 7 9 3 0 8 5 5 3 0 8 2 8 0 7 0 9 1 2 6 2 5 9 2 6 5 2 5 1 6 5 4 3 0 8 2 4 0 0 7 1 0 3 1 9 0 8 6 9 1 7 9 0 1 8 4 4 0 7 4 9 7 7 1 8 1 0 1 8 7 6 1 3 4 0 1 8 8 1 2 4 7 5 9 1 5 9 7 7 6 8 7 1 3 8 3 2 9 0 0 1 7 1 8 0 4 3 3 8 3 6 6 6 7 5 2 4 9 3 1 2 4 6 5 3 1
3 3 4 5 8 7 7 0 0 7 3 2 4 2 6 8 0 3 5 5 4 8 4 8 0 9 0 6 3 8 8 1 0 9 7 7 4 7 3 6 3 7 8 2 5 0 3 7 3 6 4 2 5 4 3 9 0 7 1 1 8 8 5 6 8 1 8 3 9 1 6 0 0 7 8 8 8 1 1 8 4 7 0 9 0 1 9 4 2 4 6 9 1 2 6 9 5 7 1 1 0 6 8 9 1 1 8 7 1 6 8 9 9 3 9 6 3 7 3 7 4 7 6 6 3 8 7 6 3 8 1 6 3 5 6 4 3 5 3 6 8 9 9 8 0 7 5 3 0 4 7 4 7 2 4 0 2 3 3 7 2 9 6 5 4 9 8 0 1 5 9 2 5 9 9 5 7 4 8 3 0 7 4 6 7 2 8 7 4 2 9 8 3 8 8 7 7 2 3 8
2 1 5 2 8 7 3 4 8 5 8 5 0 6 6 6 2 8 7 4 0 5 6 6 9 4 8 2 0 7 2 3 3 5 2 7 4 0 6 1 0 0 6 1 0 3 2 8 8 0 2 7 0 7 9 7 4 0 0 8 5 8 2 0 8 1 2 2 0 4 1 9 3 7 9 2 0 1 9 3 8 4 3 1 8 5 9 1 2 0 5 1 2 8 4 9 3 6 1 8 0 9 1 3 0 4 9 4 8 1 2 9 5 5 1 0 7 2 0 4 2 9 5 7 3 5 9 9 9 4 7 0 1 9 6 7 7 4 1 7 8 7 3 2 1 9 8 6 5 3 9 5 4 0 7 3 5 5 7 9 4 1 2 8 7 2 2 4 8 5 8 0 3 5 7 8 3 5 3 5 6 4 3 0 7 7 8 8 4 5 3 2 1 6 0 3 3 9 6 6
8 6 3 2 0 3 5 8 2 2 1 3 2 8 3 2 4 4 7 8 0 5 8 1 1 1 7 1 0 7 2 1 8 4 2 9 6 7 8 6 9 6 3 1 0 4 3 2 3 7 9 2 7 1 8 2 1 2 0 4 3 7 0 4 1 6 0 7 9 7 9 2 9 5 2 6 1 2 2 7 2 6 7 5 4 7 1 2 7 5 1 3 5 8 4 1 0 7 3 5 9 7 0 6 3 5 0 1 6 2 4 9 3 4 5 8 1 6 1 4 4 3 1 7 6 4 8 1 4 0 7 7 4 9 9 4 6 7 6 4 8 5 8 0 8 8 2 7 6 0 3 6 5 9 2 4 7 1 5 5 5 3 4 1 3 9 0 5 4 7 4 7 3 8 1 6 2 0 4 8 5 7 5 2 4 7 7 6 5 1 6 3 9 4 8 7 3 3 7 5
0 4 9 9 6 4 6 2 5 9 5 4 2 3 0 2 5 2 8 8 1 7 0 9 7 5 9 0 7 0 3 1 2 1 9 4 4 7 8 0 1 8 6 5 0 2 1 3 7 3 9 2 6 6 3 5 8 1 6 0 7 5 9 2 1 2 0 4 4 5 0 1 6 3 9 9 3 7 2 8 1 8 3 3 9 8 0 9 0 2 0 6 8 6 2 3 6 7 6 5 1 9 7 6 1 8 1 8 6 5 2 2 1 1 7 0 1 6 8 3 0 6 9 9 0 9 6 0 6 4 3 0 2 5 8 4 4 7 0 7 8 2 5 8 3 6 9 8 4 5 0 0 9 7 4 3 6 7 2 9 7 6 4 1 4 6 9 7 3 5 6 3 5 1 7 4 4 7 8 9 8 3 1 9 8 5 3 8 0 1 3 0 0 1 8 1 2 7 9 7
7 6 1 7 3 3 6 7 6 7 5 6 5 3 9 0 8 9 2 2 9 1 1 2 2 2 5 6 6 2 2 7 4 0 0 6 6 3 4 8 7 5 0 9 1 8 6 6 0 4 6 4 8 5 1 5 6 0 4 7 0 0 2 2 2 6 8 7 8 7 7 8 1 6 6 0 0 4 2 4 1 9 7 9 2 8 7 0 6 8 6 7 9 8 7 3 6 8 9 3 2 0 2 7 9 1 4 2 5 2 4 6 2 4 8 7 2 9 6 2 7 4 3 5 5 7 9 5 4 2 9 4 0 8 8 0 6 1 3 3 8 4 6 9 4 7 1 0 4 9 0 7 1 4 0 3 2 7 2 0 1 0 2 1 4 1 9 8 9 0 4 9 6 6 9 7 3 9 1 6 8 0 7 8 9 1 5 2 4 3 9 8 8 4 3 9 4 2 3 4
4 0 6 3 6 8 2 3 1 5 5 8 0 4 1 1 2 6 0 2 6 5 4 1 7 5 5 4 2 0 9 6 0 9 9 0 3 3 2 0 6 7 1 9 3 8 2 3 5 7 3 0 9 7 9 6 0 0 6 9 9 0 8 1 9 6 8 2 0 9 3 6 3 6 1 4 3 7 2 5 5 0 8 6 3 7 8 2 8 6 6 4 8 5 8 0 3 4 9 6 5 1 7 4 1 2 1 0 4 2 5 2 1 2 2 1 6 9 7 6 7 3 6 7 4 1 2 8 3 6 1 3 4 3 1 6 0 1 5 7 5 8 3 4 0 9 7 6 4 7 8 4 5 4 4 0 8 4 6 8 1 7 4 7 8 7 8 9 6 7 5 4 3 8 5 8 7 4 7 5 9 2 6 6 5 5 5 7 7 0 3 0 4 9 0 6 8 9 4 7
1 2 0 3 8 1 9 3 9 8 5 8 2 9 7 0 9 4 8 7 7 9 2 2 0 6 4 4 5 1 8 3 6 0 4 0 0 8 8 7 5 2 7 2 6 2 0 5 6 9 9 7 7 4 4 7 1 0 8 8 3 6 0 3 9 0 7 3 8 4 5 9 6 2 7 0 4 1 5 2 4 7 0 1 8 1 4 6 9 6 1 6 7 0 3 0 3 6 4 1 8 6 1 8 2 2 4 1 0 4 6 6 5 9 7 9 7 6 2 1 0 5 1 2 0 8 0 6 1 5 6 7 4 2 1 2 2 9 2 7 0 1 1 8 7 9 1 2 3 4 7 6 8 1 2 7 4 5 7 5 2 7 9 6 9 6 6 2 3 2 8 3 4 6 6 3 7 9 2 2 3 1 8 3 1 3 5 9 7 3 4 7 7 2 2 2 6 2 7 9
0 6 6 1 9 8 9 0 5 7 2 6 2 1 1 1 0 0 8 1 7 9 3 9 3 6 4 0 3 2 0 6 2 6 6 2 8 9 3 9 7 0 5 1 1 7 4 4 0 3 2 8 3 2 1 4 3 4 9 4 0 5 1 0 4 0 9 0 4 1 4 0 7 4 6 5 9 7 3 9 6 8 9 0 6 6 6 5 6 7 2 6 2 8 1 7 4 3 5 9 2 7 0 9 5 1 6 8 0 3 8 3 2 0 9 8 8 0 3 6 5 1 0 2 6 5 0 0 1 8 1 3 9 5 3 5 2 6 3 8 8 3 0 7 7 6 7 2 1 6 6 4 4 3 0 2 6 9 5 7 7 9 0 1 8 0 0 5 8 7 8 2 6 6 3 6 7 3 3 9 7 1 2 6 8 7 8 6 9 8 1 9 8 1 0 2 5 0 9 6
9 0 0 6 2 7 0 5 9 2 4 3 6 7 9 3 0 9 7 6 0 6 5 3 7 9 8 9 3 4 0 1 2 6 4 0 6 5 4 4 1 2 8 7 0 7 1 5 3 3 0 7 2 2 5 6 1 1 0 7 5 3 8 9 0 7 4 1 8 2 5 2 8 5 5 5 9 3 7 7 3 2 1 3 5 5 5 1 6 6 2 2 6 6 2 2 2 2 1 2 5 1 3 7 8 6 6 3 9 2 0 1 9 0 7 5 7 5 3 8 3 0 8 3 3 8 6 4 4 9 9 1 0 7 5 4 3 8 8 3 7 3 6 3 9 1 1 2 4 8 7 1 3 9 6 0 0 4 9 6 0 5 5 8 0 9 4 3 3 3 3 0 5 3 1 6 4 5 1 4 7 1 3 1 6 3 7 1 2 9 2 7 8 5 0 8 6 6 6 6
5 0 7 5 7 1 5 4 9 9 3 1 5 4 3 4 8 7 3 3 6 9 9 8 3 0 9 0 2 6 1 7 7 5 3 4 2 5 2 0 6 4 0 0 8 1 2 5 1 1 8 8 4 4 0 3 9 4 7 9 4 9 4 9 4 0 4 2 2 6 2 6 9 7 6 0 4 6 9 0 2 5 9 0 8 4 4 7 4 2 3 4 3 6 6 2 1 2 2 1 8 7 0 9 1 0 8 2 4 7 2 5 1 9 6 3 8 1 6 6 7 4 0 7 1 0 5 6 7 6 1 8 2 5 1 4 2 4 9 4 6 6 3 4 9 1 7 6 0 6 3 3 0 3 0 9 3 7 7 3 5 6 6 0 8 8 3 6 1 6 5 0 7 8 1 5 5 3 8 1 4 3 7 4 6 7 5 7 4 5 5 2 6 1 0 3 2 6 2 7
7 2 3 7 1 4 0 1 4 8 3 9 1 8 2 0 6 0 1 2 0 3 9 0 0 7 7 4 3 3 6 1 3 6 8 3 1 9 9 5 7 6 5 3 9 3 6 3 1 7 9 0 2 1 8 7 5 6 4 7 3 1 6 6 7 4 0 9 3 3 9 6 4 1 6 7 0 6 5 8 7 2 4 3 7 9 5 9 2 0 2 1 0 2 1 7 2 2 1 8 7 0 4 3 2 6 2 3 4 9 4 4 5 9 5 8 4 6 0 4 9 6 2 9 7 6 0 9 6 2 7 6 8 8 1 7 1 2 3 1 8 2 0 8 5 1 8 2 8 1 6 0 5 1 3 1 7 5 0 5 3 3 1 7 0 8 8 2 5 8 8 0 2 3 0 4 6 8 2 8 0 6 8 8 0 2 4 1 5 6 4 2 8 9 8 5 3 4 1 3
5 8 7 1 0 4 1 1 6 1 2 4 9 9 1 6 5 8 7 5 3 3 3 0 3 1 0 1 6 0 7 5 1 5 8 1 2 2 8 9 3 6 5 6 2 7 2 8 7 9 0 1 4 7 8 2 7 1 6 8 9 2 8 0 9 1 1 0 6 0 1 6 6 5 0 5 9 1 8 3 1 5 5 9 1 9 1 5 8 4 7 6 4 2 2 2 2 0 1 5 2 0 5 7 2 4 4 6 0 7 9 7 8 0 0 5 6 8 0 0 1 5 4 4 9 4 9 4 9 7 6 6 2 3 0 4 4 1 7 7 2 8 5 8 4 7 6 2 8 2 3 6 1 4 0 5 1 1 6 8 7 4 8 7 6 1 9 3 9 5 0 2 3 1 5 3 2 8 0 0 5 0 9 8 1 4 2 1 5 1 0 2 1 1 9 4 0 3 6 3
0 2 7 7 3 1 4 3 1 3 8 4 5 7 8 7 3 9 9 2 2 1 9 8 7 0 5 4 9 9 4 1 5 7 8 7 6 6 6 3 0 7 3 0 8 2 5 5 8 7 3 6 8 2 6 9 4 9 5 0 0 4 4 4 3 5 0 3 0 1 5 1 3 6 4 1 8 7 1 1 2 9 1 2 2 3 2 0 8 0 0 6 0 2 0 7 4 2 9 5 3 1 1 4 4 5 9 0 5 7 5 2 2 4 9 7 6 0 0 2 3 0 3 8 6 4 8 5 8 5 1 4 1 8 1 0 0 8 4 9 8 7 0 8 7 4 1 0 0 9 3 2 2 7 1 6 3 4 4 9 3 5 7 7 3 4 8 9 4 9 4 7 4 1 8 4 0 2 9 9 4 4 4 6 6 1 8 8 0 7 9 1 5 4 8 2 9 7 4 2
6 7 2 8 2 6 6 0 2 0 0 0 3 9 9 5 7 4 2 2 7 8 4 7 1 0 4 2 4 2 4 6 1 2 0 4 4 0 8 8 8 2 1 6 2 6 8 0 2 4 2 5 5 2 2 4 6 3 6 9 9 2 4 2 0 2 4 3 1 0 0 8 2 1 4 7 0 8 3 1 2 6 7 2 2 7 4 6 7 9 1 2 5 4 0 6 3 4 7 7 9 0 3 6 3 6 3 1 8 6 3 1 8 9 8 9 0 1 6 9 0 8 7 7 3 2 3 9 2 4 8 3 9 2 3 2 8 3 1 6 3 7 9 7 5 2 3 0 7 8 2 7 4 9 9 1 7 2 0 6 0 9 9 5 8 8 8 5 1 3 9 9 5 3 4 3 8 2 2 1 2 7 7 1 7 0 7 3 4 8 3 2 0 1 0 9 4 0 5 4
6 8 7 6 0 8 8 2 9 5 3 8 7 5 3 0 9 9 5 9 9 3 6 0 2 5 1 5 6 4 0 1 7 2 2 1 2 5 6 4 0 2 2 3 4 8 5 2 8 3 7 2 7 0 2 9 5 4 2 7 1 7 5 7 6 4 9 1 7 8 0 2 0 6 7 7 1 3 5 3 9 6 2 9 3 6 9 8 8 6 8 4 3 7 5 6 4 9 1 0 4 4 9 9 5 3 9 1 9 0 4 2 7 2 2 9 5 4 5 1 1 6 6 1 7 3 1 3 9 9 7 9 1 4 6 7 7 3 5 6 6 7 6 8 9 8 6 0 0 2 0 4 6 3 5 3 5 1 3 4 0 3 7 9 2 8 5 6 3 6 6 1 2 9 6 0 9 1 4 8 0 1 0 8 8 4 0 3 8 7 4 1 8 8 1 5 4 7 6 9
6 1 8 5 9 5 6 2 0 3 2 0 5 7 8 4 7 6 8 7 9 6 5 0 8 2 0 0 8 5 2 0 7 9 5 0 2 4 1 3 5 9 0 4 1 1 6 2 2 1 6 0 0 1 9 6 0 1 6 2 4 4 9 4 7 9 2 8 9 7 5 0 7 3 5 0 2 0 0 3 8 2 6 6 0 5 6 9 6 1 1 9 5 8 0 4 5 7 0 2 8 1 6 9 6 1 6 2 2 9 1 4 3 5 4 0 5 8 5 3 4 5 1 6 6 0 8 4 5 0 1 6 3 8 5 2 0 5 1 2 6 3 2 8 1 1 0 9 9 7 2 5 0 9 4 9 6 4 8 5 2 1 3 8 6 8 7 6 1 0 7 6 7 5 4 8 6 6 2 1 7 5 8 9 3 9 0 1 6 4 1 1 5 0 1 3 0 7 8 8
2 8 8 0 1 2 9 8 2 9 4 9 3 5 4 1 3 8 9 1 6 0 1 5 2 6 7 6 1 2 0 6 8 0 2 8 6 2 0 3 1 3 2 1 9 7 4 1 0 7 7 5 7 3 1 9 7 0 5 0 9 6 0 1 8 6 7 7 9 7 6 6 0 4 2 8 4 8 9 9 5 3 5 3 2 4 2 3 1 1 8 4 7 7 0 5 8 1 4 2 7 9 6 6 9 3 2 2 7 7 6 0 8 9 9 1 3 7 6 5 7 2 8 9 6 3 9 3 1 7 7 0 1 5 8 6 8 6 5 3 1 5 0 4 4 2 3 4 4 4 2 8 7 7 0 7 0 5 0 2 1 7 6 5 7 3 1 4 5 3 0 8 1 3 2 4 9 2 9 3 7 9 1 7 2 2 8 4 8 4 4 7 0 1 2 7 8 5 6 3
9 4 1 1 3 4 8 8 9 5 6 2 3 1 1 6 8 7 1 9 7 8 4 7 0 8 0 0 8 8 3 4 2 0 6 4 1 2 2 4 3 9 8 1 5 4 1 1 3 0 3 1 3 2 7 5 7 1 1 7 5 7 9 6 1 2 7 7 7 5 2 9 8 0 6 2 6 8 0 8 7 4 8 8 6 9 7 0 5 9 0 5 7 6 8 0 6 6 1 4 8 3 3 0 6 5 1 9 7 3 6 2 8 9 2 6 7 9 8 3 6 5 6 2 8 4 4 4 9 8 9 3 0 8 0 2 7 0 1 3 6 5 6 0 6 0 2 3 2 4 7 1 0 9 0 5 2 8 1 5 6 7 2 5 9 4 6 1 1 2 9 9 6 6 6 3 6 4 5 1 0 2 3 9 3 4 0 0 5 7 3 3 3 5 3 0 6 5 5 7
5 3 9 5 3 4 2 3 5 4 2 8 3 7 6 3 2 2 6 1 8 3 1 1 6 1 8 7 6 9 3 8 9 2 3 0 0 1 4 1 5 5 1 8 4 6 3 1 9 8 1 2 7 4 9 9 6 2 4 5 3 9 6 4 3 7 1 5 4 7 6 5 4 4 0 1 4 2 8 6 8 7 4 0 3 1 4 2 7 5 1 4 3 0 5 1 5 5 3 6 3 9 8 6 4 6 1 3 6 5 2 0 9 0 4 6 0 9 9 4 6 7 0 8 1 5 4 6 3 7 2 3 8 7 9 9 4 7 2 0 4 9 0 0 4 3 4 6 4 4 3 9 0 4 6 5 4 1 2 3 6 0 3 7 3 7 4 5 3 0 8 9 7 3 1 5 7 6 5 7 7 2 5 5 2 7 9 4 0 9 7 5 8 0 0 9 9 9 5 4
7 4 5 7 1 9 7 2 6 8 2 5 2 2 2 1 5 2 6 9 4 2 5 6 0 4 3 4 3 1 2 0 7 6 9 0 1 6 1 2 2 1 9 2 7 9 6 3 8 9 1 3 7 5 4 5 1 6 7 2 2 4 4 2 6 2 8 8 9 0 8 7 3 1 8 0 4 9 5 6 1 0 0 3 4 9 7 9 8 0 4 6 2 3 7 4 9 7 1 4 0 1 8 0 2 1 0 1 4 2 7 3 3 9 4 5 1 0 3 4 7 6 6 6 5 8 0 7 5 3 2 2 4 7 9 6 6 4 4 0 8 7 8 0 4 3 6 4 5 2 7 1 8 1 8 7 0 7 9 7 7 8 6 2 7 7 9 1 2 1 0 4 6 2 8 6 9 7 2 0 8 5 6 6 0 6 9 5 7 6 6 5 1 1 7 8 9 0 4 6
9 4 0 3 9 4 4 7 4 8 9 2 5 1 8 3 5 1 3 0 0 0 8 9 1 8 8 9 8 9 0 8 6 2 4 4 9 1 5 8 3 8 7 6 1 0 3 1 4 5 0 3 2 6 4 5 5 4 3 8 0 1 1 7 8 8 1 1 0 0 1 6 3 8 6 1 0 5 1 5 8 9 7 9 4 9 1 8 8 2 9 7 3 4 6 1 7 3 8 1 9 7 0 7 2 3 7 1 7 4 9 3 8 8 8 1 0 2 4 9 6 2 8 6 5 1 0 4 0 0 7 2 5 6 9 9 5 6 1 1 3 1 7 0 0 5 7 3 2 6 0 5 1 9 8 6 8 2 8 5 1 4 0 6 7 2 6 5 3 9 9 1 8 3 8 9 2 7 3 0 6 3 5 0 2 4 3 8 0 4 9 0 1 7 2 4 6 7 7 8
8 5 3 3 0 3 2 7 9 8 8 0 8 9 0 1 5 5 4 8 5 9 5 4 5 3 5 2 6 1 5 4 8 6 2 0 7 1 7 8 1 6 3 3 9 4 0 6 0 9 0 1 3 6 3 9 2 5 8 5 3 2 0 0 3 0 7 0 4 8 9 0 9 5 8 4 2 0 0 4 4 0 9 1 9 0 0 3 7 1 9 9 1 7 1 4 1 7 4 0 6 0 3 1 6 0 6 1 4 5 0 7 5 1 1 2 4 8 5 9 9 7 0 5 3 8 3 1 9 3 2 9 8 3 9 6 9 4 8 4 7 7 5 5 2 3 8 2 4 5 3 6 9 3 8 5 4 2 9 9 8 2 2 4 5 8 4 9 8 7 6 8 1 6 7 9 9 9 3 2 8 1 0 2 8 9 8 9 8 3 6 7 2 0 3 3 2 8 7 6
2 3 3 5 8 3 4 2 7 3 2 1 3 1 4 0 7 7 7 7 9 2 4 8 3 1 4 5 8 2 8 2 0 9 6 0 4 7 0 7 1 0 3 0 3 3 9 1 1 7 0 0 2 3 8 0 9 7 2 7 9 1 5 4 4 2 5 5 4 4 0 3 9 3 4 5 9 8 0 9 7 9 9 6 1 3 8 9 5 1 3 5 9 8 2 4 1 2 0 2 4 5 8 9 1 1 9 0 7 1 5 8 6 6 3 7 4 4 7 1 8 7 3 5 4 3 8 1 1 5 6 3 7 6 7 8 0 8 0 7 5 0 2 4 2 0 3 5 2 5 1 9 1 5 6 5 4 3 8 5 5 2 2 3 3 4 9 8 1 6 0 3 8 4 9 9 9 6 7 9 3 6 4 0 9 4 1 0 1 6 5 2 3 4 2 5 5 0 1 2
8 1 1 8 6 6 8 6 8 2 0 0 4 0 3 0 7 3 2 9 3 1 2 5 5 4 5 3 1 9 1 2 2 7 1 3 4 1 6 1 2 9 4 3 3 5 6 3 1 9 4 8 1 0 1 4 7 5 3 8 2 4 3 4 6 8 6 3 3 5 9 3 4 8 8 8 0 9 8 0 7 5 3 7 4 1 2 3 4 3 9 3 3 9 0 8 1 1 0 5 3 1 1 8 8 6 3 1 8 2 9 8 1 2 4 1 7 5 3 2 0 8 7 5 4 2 1 4 1 3 2 8 7 5 4 4 6 2 5 7 4 1 4 1 0 1 8 2 1 6 7 3 0 6 9 5 7 1 4 7 0 2 1 4 6 4 4 3 7 0 3 9 4 0 5 4 1 4 1 6 2 5 3 8 5 3 7 7 1 0 7 9 3 4 5 8 0 5 2 2
3 3 1 2 1 1 3 9 4 8 6 3 6 2 0 7 4 5 7 0 6 0 5 8 6 6 1 7 5 4 4 1 3 3 6 3 7 3 1 6 5 1 6 5 6 5 5 5 9 8 0 7 8 4 0 6 0 5 0 5 4 7 6 9 9 0 4 1 4 4 9 5 4 0 9 8 6 4 0 6 0 7 2 8 7 6 7 2 2 6 1 4 8 0 9 8 8 4 7 0 9 7 1 4 2 0 8 4 9 0 8 7 0 8 4 1 1 8 4 1 3 0 5 4 6 8 9 5 5 0 8 3 1 8 4 8 8 8 4 4 2 2 6 1 9 1 6 7 8 3 7 6 2 3 8 4 7 6 4 3 6 9 9 5 9 7 5 5 4 8 1 7 4 2 8 9 7 8 3 2 6 0 1 2 8 8 5 9 3 5 9 9 5 3 6 6 9 5 8 0
3 1 4 8 0 3 5 2 9 4 4 9 9 2 9 1 2 1 8 8 3 1 4 4 2 3 6 7 4 2 7 3 3 5 9 7 5 0 4 1 0 0 5 6 7 0 2 1 6 4 3 5 3 2 8 0 4 7 6 4 9 2 0 6 8 9 5 7 4 6 6 8 7 6 3 8 7 5 6 4 9 0 6 3 8 8 7 5 0 2 6 1 6 6 5 6 2 3 4 8 7 3 5 1 0 6 7 0 1 0 7 3 5 7 7 8 9 8 8 9 3 1 4 0 0 2 6 3 3 5 7 8 3 1 1 4 9 0 0 6 0 3 9 9 7 8 6 1 2 4 8 5 9 8 0 9 6 6 1 4 1 1 7 7 1 1 8 0 0 9 0 6 2 2 0 6 8 3 3 6 6 9 9 8 3 8 3 3 9 3 7 2 6 4 6 6 0 8 0 4
2 1 7 3 2 7 2 9 2 4 6 0 4 0 7 7 3 2 0 0 9 7 6 6 0 6 9 3 5 7 0 0 9 6 0 8 7 0 6 7 5 8 7 7 2 1 8 2 2 6 3 4 9 1 6 5 6 1 6 3 5 2 0 5 5 0 0 5 0 9 0 7 7 4 0 1 6 4 1 1 1 2 0 2 7 1 7 2 3 6 9 0 7 2 7 8 7 8 6 9 5 0 3 7 1 6 0 8 9 5 1 0 4 3 3 7 2 0 9 6 1 3 1 9 5 4 6 0 6 6 4 4 1 3 7 9 7 9 7 0 5 3 2 0 2 3 8 4 5 8 1 1 5 7 3 5 9 6 3 5 8 4 4 1 4 6 1 1 7 2 4 4 3 7 6 9 0 7 1 6 3 9 2 3 2 4 3 5 3 8 6 5 9 6 5 3 1 9 3 4
7 1 0 4 8 2 9 3 6 7 8 8 4 5 6 2 0 3 0 7 2 7 4 4 4 0 3 3 7 7 5 3 0 6 5 9 3 5 1 6 0 8 0 1 7 1 8 8 4 2 8 2 2 3 2 0 7 7 7 3 3 4 1 0 0 9 3 1 3 8 8 7 9 5 4 5 9 5 4 8 0 3 8 0 1 1 7 8 1 6 5 7 2 4 3 8 5 2 7 0 2 2 9 8 0 9 3 9 9 6 1 1 9 0 5 9 8 9 8 6 8 4 6 0 3 6 7 3 6 2 7 0 3 5 6 0 2 0 7 3 8 3 2 1 0 7 4 1 3 6 1 5 8 8 2 0 0 1 6 4 5 4 9 7 1 1 5 4 9 0 1 6 0 5 1 8 2 1 0 0 7 0 9 2 2 4 7 8 4 7 2 4 9 6 2 8 6 6 9 7
2 6 9 1 5 5 6 8 6 3 0 4 3 5 0 0 0 6 0 1 3 2 3 0 5 3 4 0 9 4 3 2 8 0 5 1 0 0 6 4 6 4 6 2 2 8 6 7 4 2 4 3 4 3 4 4 0 5 5 6 7 8 5 2 8 5 4 9 2 4 3 9 8 7 2 2 7 0 9 5 1 2 9 0 0 0 8 6 0 4 5 8 8 4 8 2 0 8 4 8 5 3 8 5 8 1 2 4 1 6 7 7 1 8 1 3 2 7 8 1 4 2 1 3 8 5 2 8 6 0 9 4 4 5 7 5 8 9 2 2 5 0 9 7 4 9 0 3 0 1 4 2 2 4 7 6 8 2 8 3 7 2 4 7 9 6 9 4 1 3 0 3 4 4 4 6 7 8 2 0 4 5 4 0 5 9 0 1 9 4 5 1 5 4 2 7 1 0 8 8
2 9 9 2 7 3 9 8 7 2 3 1 2 4 3 5 0 2 5 8 6 0 4 8 3 9 7 2 9 8 9 7 2 4 6 6 5 7 7 5 9 4 9 6 3 9 7 4 8 6 1 2 3 1 6 1 0 0 9 2 0 5 6 7 9 4 1 5 0 7 7 7 4 6 3 5 4 9 8 0 5 4 4 9 9 0 1 6 3 4 6 5 6 6 1 0 5 7 2 0 6 3 5 2 8 7 5 3 3 4 2 6 5 3 5 8 5 6 4 7 6 0 3 0 2 9 7 3 1 4 3 2 7 6 3 6 7 1 3 1 6 4 2 6 3 0 1 9 5 9 1 6 5 3 5 9 3 3 0 9 0 5 3 0 7 7 9 6 9 5 1 8 0 0 7 8 9 0 9 0 5 9 3 9 8 1 5 0 6 7 2 3 4 5 8 7 0 6 2 8
6 2 0 2 3 3 8 0 6 9 9 0 0 6 3 0 7 0 7 7 6 5 4 8 0 8 5 4 9 4 4 0 3 7 8 8 8 3 4 1 8 9 6 4 9 6 2 6 1 1 6 0 0 7 7 0 8 5 7 7 6 7 5 2 2 1 5 9 1 5 2 6 9 8 6 6 4 0 2 6 0 4 0 4 8 7 0 4 7 8 1 5 0 2 2 8 9 8 1 1 0 2 4 8 6 5 3 8 2 5 8 8 4 8 3 1 1 0 6 3 9 5 1 8 3 9 6 0 0 0 3 3 1 6 5 5 8 9 8 8 8 2 2 7 9 1 4 8 9 2 4 7 5 2 1 6 4 2 0 8 1 3 7 5 6 8 2 4 4 9 1 5 3 9 2 5 4 2 4 1 8 5 4 2 2 2 7 8 6 7 1 0 6 5 7 1 6 9 3 4
4 9 8 9 3 5 1 1 3 7 9 7 9 8 2 3 0 2 1 4 6 2 4 2 5 9 8 7 3 0 8 4 4 4 3 1 8 2 7 4 7 3 9 0 1 8 2 5 6 0 9 4 9 1 9 9 2 2 4 7 7 8 8 7 1 6 7 7 1 8 0 3 7 9 6 9 3 9 2 8 0 5 8 3 5 0 7 0 2 9 0 9 6 4 4 6 6 6 5 9 4 4 1 4 4 7 6 8 3 6 3 1 8 0 6 3 4 7 7 4 4 1 8 0 9 5 6 9 1 1 9 3 3 6 0 5 5 6 6 4 5 8 1 2 2 5 2 1 8 1 2 1 7 3 0 1 3 3 2 3 0 6 3 6 2 4 1 4 1 7 5 6 5 8 0 1 3 7 3 9 1 1 9 0 8 2 7 1 8 5 5 3 0 0 7 9 0 9 6 7
2 6 7 0 9 3 0 7 5 9 4 1 1 7 2 4 4 0 9 9 7 0 8 6 2 7 1 7 8 3 4 1 1 2 0 5 8 6 1 0 6 3 5 8 7 6 4 9 3 6 0 9 0 2 4 3 4 1 3 6 9 3 9 3 1 7 2 2 5 3 6 2 8 6 2 6 2 4 9 9 9 8 7 6 8 3 0 6 0 5 2 4 4 7 3 6 0 1 7 6 9 5 1 2 6 8 9 8 3 8 4 8 1 1 8 5 9 1 6 5 9 3 9 9 2 5 7 3 8 3 6 5 7 1 8 2 2 7 0 2 8 5 8 0 3 5 6 2 2 6 3 4 2 6 8 7 1 6 3 1 9 4 2 2 6 7 7 2 8 2 8 5 1 2 9 7 7 4 6 0 3 9 1 2 9 6 7 8 4 5 8 8 9 6 6 4 7 4 3 2
0 8 7 5 3 9 6 1 3 2 7 5 0 1 4 0 8 2 2 0 8 5 5 6 2 5 6 5 7 9 7 8 1 6 7 3 1 7 0 7 6 2 0 7 9 4 2 1 3 3 3 5 1 4 0 5 5 3 1 4 7 7 3 6 3 5 5 1 4 0 6 1 2 5 2 7 9 6 6 9 3 0 2 1 5 8 7 9 2 0 0 3 8 9 0 5 6 8 2 0 5 3 8 3 9 7 3 5 3 5 8 0 7 8 9 7 5 2 3 3 2 6 6 1 1 3 7 9 4 5 6 0 8 6 6 1 7 4 3 2 3 5 6 5 9 9 3 7 4 6 1 0 8 4 2 4 2 0 2 4 3 2 1 4 8 0 5 1 6 3 9 6 5 8 3 2 2 5 6 5 8 0 3 4 1 6 9 5 2 3 4 4 2 5 7 4 9 3 2 5
4 4 4 7 5 9 2 1 2 8 0 4 9 0 9 3 4 7 9 5 6 6 6 3 6 7 2 3 0 4 6 9 8 1 3 5 2 1 1 4 4 7 2 7 1 2 1 5 8 9 1 3 0 0 3 7 9 3 3 1 2 7 8 4 3 1 8 2 9 6 3 4 7 5 0 2 8 5 2 8 7 9 8 7 0 0 8 6 7 7 0 0 0 1 5 3 6 6 9 4 4 7 2 4 0 5 8 0 8 5 6 4 9 1 5 6 1 0 7 1 8 4 5 8 7 2 9 7 5 7 2 4 2 9 5 6 3 9 6 5 9 3 5 1 3 3 2 9 6 8 8 2 7 8 2 9 0 4 5 1 2 6 9 0 6 5 5 8 6 3 9 0 3 8 1 0 8 6 4 3 0 8 4 5 0 4 6 4 4 9 7 9 1 3 9 0 3 2 0 9
3 4 2 4 8 0 5 4 5 0 1 9 5 8 6 1 4 4 3 9 0 3 0 8 5 4 8 2 5 3 5 1 2 5 3 3 4 1 7 5 4 2 1 0 4 7 6 3 5 8 7 0 2 1 7 9 0 1 3 5 0 2 7 9 1 3 8 4 9 1 8 1 6 9 3 2 1 6 1 2 9 7 3 0 9 4 6 1 2 6 0 0 1 5 3 5 2 7 4 4 8 0 4 7 0 5 9 5 9 3 3 3 8 6 0 0 7 5 3 8 5 5 1 1 1 9 3 4 7 7 5 0 4 5 9 6 6 0 4 3 0 8 8 7 9 6 3 5 9 4 0 7 4 9 4 5 8 2 2 1 1 3 3 0 8 9 9 9 0 8 6 0 7 3 8 2 0 9 0 9 7 7 1 9 2 9 5 7 6 3 1 0 5 8 9 7 5 2 9 1
0 4 8 2 2 8 0 1 7 6 5 2 8 4 2 7 8 2 9 4 5 9 7 8 8 5 1 4 9 8 9 4 7 9 8 6 0 0 9 6 7 4 5 2 4 0 7 7 3 9 6 1 1 7 1 5 6 4 9 5 9 6 8 0 3 3 0 5 2 4 0 1 6 5 7 5 7 2 5 8 3 8 2 3 9 8 2 0 1 9 0 5 0 0 4 7 9 2 5 2 8 3 0 6 2 5 1 0 6 3 8 7 9 9 2 9 8 0 6 1 5 1 6 7 6 3 8 6 3 0 1 1 3 3 1 9 6 0 6 2 1 7 2 0 1 9 2 5 2 7 1 5 1 4 2 4 2 8 5 1 8 2 8 4 7 1 4 6 3 0 4 4 3 4 9 4 8 1 5 6 7 6 0 9 2 4 0 4 6 3 9 2 2 4 7 6 3 4 9 5
1 3 9 8 8 3 5 5 1 2 9 9 7 6 5 2 9 4 0 2 4 2 2 5 3 3 6 3 6 7 7 1 0 1 1 4 2 7 1 2 8 2 7 8 8 5 3 8 3 0 6 8 1 5 5 8 1 0 6 7 3 8 4 7 0 1 1 7 5 3 0 9 5 5 1 3 9 4 4 8 1 0 8 7 6 2 4 5 0 3 7 3 1 0 5 1 0 4 0 4 8 2 2 8 3 3 3 4 2 9 1 3 5 1 0 5 2 8 8 7 2 3 6 0 2 4 5 8 8 8 7 0 3 1 4 1 1 7 8 1 5 9 3 0 5 3 0 4 0 4 5 4 5 4 2 0 8 7 9 3 1 4 2 6 1 5 6 7 7 4 0 9 8 7 5 1 8 6 0 2 5 7 2 2 1 1 2 5 6 3 9 2 4 4 3 8 2 1 5 0
0 7 4 0 4 9 8 7 1 1 8 1 6 5 6 1 7 4 6 6 3 3 3 8 3 9 6 9 5 8 0 9 7 0 8 0 4 0 9 2 1 9 7 5 1 8 7 7 7 9 9 6 5 8 2 8 1 8 1 1 3 0 9 0 1 2 5 6 4 8 2 8 8 3 1 9 8 4 8 3 8 5 8 5 6 3 0 5 9 9 7 1 0 1 0 0 1 0 1 7 4 1 1 3 7 7 1 3 3 9 2 2 3 9 4 0 1 6 1 3 1 6 7 5 3 5 5 3 6 2 5 4 7 2 1 4 8 3 3 0 6 8 2 6 0 1 1 9 6 5 4 6 8 3 9 9 3 4 3 9 8 6 5 9 6 9 4 8 5 3 6 1 6 1 9 7 3 7 0 4 0 1 2 7 7 2 8 1 3 5 4 2 2 6 6 6 6 8 1 8
6 2 2 3 6 1 5 2 4 1 0 7 1 0 4 4 7 7 2 3 3 2 6 5 6 3 9 4 5 9 6 5 8 0 3 3 3 9 2 0 4 3 2 4 8 4 6 0 7 7 1 9 2 5 0 0 4 2 8 7 2 5 8 3 5 0 5 1 8 1 4 9 4 8 3 0 0 9 5 6 3 1 9 8 0 9 8 7 3 4 4 6 4 0 3 0 3 7 6 0 9 3 9 8 1 9 4 3 4 9 0 1 7 3 9 4 7 2 0 8 7 5 7 7 5 7 9 7 7 9 0 2 6 2 5 5 3 0 7 5 9 3 2 6 6 6 9 4 8 5 3 8 7 0 2 8 7 3 2 3 3 5 6 3 7 5 8 7 2 2 3 4 3 6 3 2 9 1 8 8 6 1 6 7 8 7 4 1 9 0 9 7 3 0 9 5 1 3 8 2
8 9 0 3 9 3 5 5 9 5 3 6 9 4 4 7 5 9 2 1 6 0 8 3 4 8 0 4 8 5 2 4 0 6 5 9 1 6 9 8 1 1 5 6 0 1 9 8 2 6 5 4 0 3 6 3 9 6 6 6 6 3 1 2 7 0 7 1 0 3 8 8 6 0 0 3 5 0 6 6 2 1 6 3 5 3 2 6 0 9 2 3 9 3 5 1 0 9 7 7 7 0 9 6 7 0 6 3 3 2 2 0 2 8 5 6 3 9 5 1 8 4 8 5 5 3 6 9 4 7 6 1 0 2 0 3 6 5 1 0 9 9 1 5 2 8 6 8 5 1 6 9 0 1 5 3 2 5 6 3 0 8 0 2 7 4 7 7 5 2 0 3 1 0 1 0 8 7 0 1 3 7 3 4 2 9 9 8 3 0 1 0 2 2 4 9 6 7 1 6
7 5 7 7 3 3 7 7 0 9 4 2 6 5 8 1 4 2 0 6 8 4 5 4 0 5 5 2 2 6 5 7 6 0 1 1 4 0 5 3 4 2 6 0 3 4 2 1 8 6 6 1 8 6 8 1 0 6 2 6 5 8 8 2 7 3 7 8 6 6 8 1 6 4 0 6 2 9 3 2 9 8 5 9 5 2 3 8 8 9 7 7 4 9 3 1 0 0 9 8 1 7 1 2 7 6 4 2 5 5 9 2 8 6 5 9 3 5 4 5 3 5 1 5 2 9 2 0 5 3 8 1 4 1 6 9 5 0 3 8 7 4 9 2 1 0 3 4 9 9 0 0 7 6 5 6 2 2 7 3 4 6 4 6 1 8 5 5 1 4 2 8 1 9 9 9 0 0 5 4 8 9 3 3 3 8 7 3 5 5 6 9 3 2 6 9 4 8 0 0
5 7 9 7 7 0 2 5 1 0 6 7 9 7 5 7 7 4 6 0 5 3 7 1 6 8 6 0 8 6 9 9 9 0 4 3 2 6 6 4 6 4 0 2 4 8 1 5 6 7 9 5 5 1 6 5 0 2 7 6 8 7 0 7 0 1 5 6 1 5 8 5 2 9 4 8 7 1 4 7 7 8 2 5 4 3 3 2 5 7 4 3 9 5 0 3 1 6 0 6 7 8 5 6 3 2 2 2 2 0 7 6 1 8 1 9 1 2 3 8 1 3 4 3 4 2 9 7 0 3 0 5 6 3 8 2 0 5 9 1 9 1 3 8 0 4 4 5 2 3 2 0 1 4 1 5 0 3 0 5 6 3 6 1 5 9 7 8 3 7 5 5 2 9 1 2 6 0 8 1 9 9 4 5 7 2 8 2 3 9 6 0 4 5 2 7 4 1 5 7
1 6 9 5 0 4 1 8 3 6 2 6 7 4 8 3 9 4 9 8 7 8 6 4 2 2 7 1 5 2 1 4 3 6 4 4 9 3 8 1 3 6 5 2 0 5 5 5 9 3 9 8 9 0 0 3 4 5 9 3 4 0 1 3 3 7 7 2 8 7 9 6 5 6 0 3 9 2 4 4 1 2 2 2 2 7 9 3 2 0 1 8 3 0 9 4 6 8 8 0 0 6 4 6 3 4 9 5 0 1 2 2 8 5 5 7 3 5 6 0 8 7 7 0 4 9 5 1 9 3 5 1 5 6 8 2 8 1 4 8 8 1 8 4 7 7 0 5 5 4 8 4 9 7 4 1 9 1 6 2 3 1 4 1 1 8 2 8 2 9 1 1 2 8 3 5 9 7 6 5 6 7 2 3 9 9 7 8 3 0 5 8 9 2 5 0 2 5 3 2
8 5 3 9 7 0 6 6 5 1 2 2 4 8 3 5 0 1 4 7 8 3 8 5 3 4 6 6 7 7 0 7 3 4 5 7 1 9 5 0 8 7 8 0 2 9 7 3 6 8 2 5 3 5 7 8 4 1 1 2 1 7 9 8 7 0 8 5 5 8 7 5 1 7 6 8 2 8 3 4 6 3 9 3 7 3 6 4 4 3 0 1 5 0 4 1 9 4 3 3 0 5 0 0 8 8 1 6 8 5 6 2 3 5 9 9 7 3 1 6 0 1 0 0 2 6 3 6 1 8 9 1 2 5 7 0 3 2 7 3 6 4 4 8 0 4 9 6 2 7 9 6 1 5 1 8 9 3 5 8 2 0 5 4 8 0 7 7 9 9 1 4 0 4 5 5 0 8 1 0 6 7 0 1 6 9 0 6 2 6 4 4 4 1 2 3 5 7 5 0
0 1 9 6 2 7 6 5 6 5 6 9 2 1 9 3 1 5 1 1 1 9 6 7 5 0 5 8 6 6 3 6 3 7 9 1 6 1 7 6 7 3 1 6 3 1 6 5 1 7 0 2 3 7 6 6 5 1 3 4 9 0 9 1 4 3 8 8 5 5 7 4 1 5 1 8 4 7 5 1 4 2 3 6 1 6 2 1 6 1 6 3 8 9 1 1 7 6 5 1 0 0 0 9 4 6 3 9 4 9 8 9 1 9 5 4 6 9 4 2 2 8 6 0 8 1 3 9 3 5 8 5 8 8 7 1 6 7 7 4 1 1 1 4 9 1 5 1 3 6 4 1 7 1 2 9 3 7 1 7 3 7 8 0 3 2 5 7 5 6 2 1 3 7 7 6 6 7 1 2 3 7 6 8 0 3 1 8 7 7 0 3 3 1 1 1 6 7 1 1
9 8 8 8 7 9 5 7 1 8 5 1 5 9 1 0 1 9 4 1 7 1 0 1 6 6 1 8 2 2 1 7 3 3 8 6 1 6 0 0 5 3 0 6 6 9 8 3 2 0 3 3 3 0 3 2 4 3 6 0 1 1 7 8 5 6 1 8 4 9 3 6 2 2 5 0 1 7 5 0 7 9 3 8 0 2 0 8 9 4 2 9 6 0 3 8 8 5 5 7 6 3 0 2 9 4 7 2 4 3 6 6 3 5 6 4 5 6 2 3 0 4 5 5 7 3 0 2 4 8 2 8 3 1 0 6 8 5 2 3 2 6 2 7 2 0 0 0 5 1 4 1 6 0 1 6 4 6 1 1 4 4 9 5 3 5 3 0 8 6 1 4 9 2 1 9 9 3 9 5 9 2 2 9 9 4 3 0 9 7 8 9 9 5 2 9 2 0 9 0
3 9 8 2 7 4 2 5 6 6 9 7 0 6 6 2 0 7 7 3 7 4 6 8 5 3 7 0 6 7 3 3 2 2 0 2 7 7 0 4 3 0 4 1 1 9 4 4 4 1 5 1 9 7 0 1 5 9 5 3 0 6 9 3 6 8 0 4 9 5 9 0 3 0 0 6 8 1 4 8 4 0 6 3 5 8 8 3 8 9 7 0 3 6 2 7 3 7 0 9 6 1 2 0 2 8 6 0 2 6 5 6 5 2 6 7 8 7 9 8 8 1 2 4 9 7 6 3 1 3 6 9 8 7 2 7 0 3 8 4 8 3 2 1 4 4 5 7 6 5 6 4 9 9 3 0 1 1 0 4 3 2 1 5 6 7 9 9 0 4 7 2 6 2 3 2 8 4 0 4 4 9 9 5 8 3 3 7 4 0 3 7 3 8 6 7 7 6 5 2
9 2 9 8 8 6 8 5 2 5 3 9 2 1 4 9 5 2 1 0 6 7 0 1 0 3 8 4 6 5 1 4 6 9 7 2 3 6 8 9 2 7 3 4 9 3 0 0 3 1 1 8 2 0 1 5 6 1 3 7 5 8 0 7 9 6 3 6 6 8 3 8 0 6 9 9 6 7 0 9 6 6 4 0 7 5 4 6 3 8 7 8 5 0 7 6 8 6 6 2 8 6 7 0 0 9 7 3 1 0 6 2 7 9 2 5 1 8 8 3 0 1 9 4 3 3 6 1 8 4 6 1 1 0 4 1 3 4 7 5 2 4 0 0 3 3 5 4 4 5 5 0 3 2 2 5 3 8 7 6 2 6 3 0 6 5 3 0 4 0 9 0 7 7 6 4 1 5 0 8 4 3 5 7 9 1 7 0 0 1 2 9 8 5 0 3 9 2 1 1
2 1 5 0 2 9 9 8 0 8 1 4 3 8 8 8 5 3 2 9 8 8 9 4 2 8 1 1 9 8 4 8 6 8 9 5 8 4 5 8 4 2 2 5 1 3 3 9 6 0 7 7 3 1 9 5 7 9 3 9 3 9 5 0 8 7 4 8 5 3 9 3 3 7 1 8 4 3 7 5 7 2 4 0 4 9 6 2 5 3 5 8 4 7 7 8 4 5 9 6 6 3 8 0 9 0 9 7 1 8 0 4 6 5 7 7 2 4 7 7 7 1 7 5 4 2 4 6 6 2 2 0 5 7 5 5 9 5 0 2 1 9 4 9 7 2 4 0 8 3 7 0 9 1 1 0 1 4 7 3 0 1 5 9 3 4 2 4 5 2 5 8 0 1 3 8 1 2 0 2 3 6 8 0 4 0 6 6 6 6 8 5 0 2 7 8 1 2 1 0
3 3 8 2 4 5 9 2 6 7 2 8 4 0 9 6 1 1 2 3 2 6 2 7 9 8 5 2 6 9 5 7 0 5 0 5 9 4 7 1 1 0 7 0 4 8 1 3 4 1 4 9 8 5 4 5 4 5 1 1 0 8 4 4 7 2 2 1 3 4 2 0 4 6 0 8 5 5 0 6 1 6 8 3 3 3 2 7 9 4 9 8 3 9 3 2 7 3 3 2 7 9 7 6 8 5 0 0 1 3 2 1 4 6 3 9 7 7 7 6 2 8 4 3 5 7 3 9 8 4 5 7 7 3 4 2 7 5 2 1 8 9 4 5 3 4 2 5 0 5 9 8 1 0 2 0 3 2 6 0 5 8 6 6 4 3 7 7 9 6 5 4 9 0 3 6 1 5 9 0 8 2 2 1 0 0 6 1 1 0 8 2 6 2 8 8 5 1 9 6
4 0 2 5 1 9 3 0 5 9 1 8 4 2 8 4 3 8 0 9 1 3 4 5 8 8 5 2 1 6 6 2 6 9 2 7 0 6 0 4 6 7 4 9 9 3 6 3 3 0 3 6 2 9 3 1 6 2 0 3 1 7 8 3 9 1 2 5 9 1 0 1 1 9 9 9 5 4 3 9 4 0 4 7 5 4 9 7 9 4 2 6 8 9 1 9 3 4 1 5 7 6 4 5 2 4 0 0 3 2 0 1 8 6 1 7 2 3 9 1 6 2 8 7 0 5 9 8 3 3 6 3 2 8 2 4 9 0 1 5 7 3 8 9 0 3 0 4 3 5 3 8 1 1 0 3 9 1 6 0 0 6 7 0 4 7 0 4 1 5 8 1 0 0 1 5 4 3 1 3 4 5 9 9 5 9 7 8 5 1 1 5 5 0 2 7 4 8 8 0
7 1 9 2 8 1 1 1 0 5 0 2 3 4 9 9 3 3 7 6 5 3 7 3 8 6 7 9 8 1 9 8 0 7 3 4 3 3 0 6 5 9 1 1 1 2 3 7 9 3 0 3 4 7 2 6 4 8 9 5 0 6 8 2 9 9 1 5 3 9 3 6 0 7 4 3 1 6 3 6 9 3 1 1 6 8 0 4 0 0 3 4 1 8 9 6 9 1 2 6 8 8 8 4 9 7 0 8 0 1 1 3 0 8 2 8 5 1 4 1 6 8 7 8 0 3 1 6 3 8 3 8 4 3 3 3 9 7 3 0 9 5 7 3 5 4 9 1 0 8 3 6 2 7 7 3 8 6 6 4 3 7 2 4 9 5 6 7 8 4 1 7 6 8 8 3 6 3 5 3 1 1 3 4 6 9 4 0 7 8 9 2 5 8 5 4 2 3 0 5
2 7 8 7 8 6 9 8 6 6 1 8 9 9 1 1 4 9 5 8 9 4 0 2 1 1 6 4 0 4 7 1 3 1 4 6 0 6 5 6 5 6 1 7 4 3 1 9 5 6 9 4 6 6 0 9 2 4 9 5 4 1 1 0 7 9 5 5 3 4 0 7 9 7 2 8 1 3 1 4 9 9 2 7 0 4 7 1 0 9 5 0 0 5 2 2 9 8 8 3 5 2 2 2 6 7 5 0 9 0 7 5 0 1 8 6 4 7 5 4 1 3 8 5 1 0 8 2 7 8 9 9 0 3 2 9 4 8 5 5 8 6 2 9 2 6 9 2 2 2 7 4 8 8 4 7 5 1 4 9 8 8 6 8 1 4 6 7 1 8 2 8 9 3 7 1 7 5 9 6 0 6 7 3 6 8 1 3 3 4 3 9 9 8 0 7 8 7 7 3
8 8 5 5 9 4 7 4 4 5 3 3 1 6 7 3 0 3 2 4 5 6 3 5 8 6 6 4 3 8 5 9 6 2 3 7 1 0 9 9 5 0 4 1 0 2 4 0 3 7 3 4 7 9 3 3 1 7 8 3 5 6 7 3 1 3 4 0 2 1 2 9 1 0 0 3 1 4 1 6 7 7 4 5 1 7 1 2 3 7 1 2 1 2 9 7 5 5 8 2 3 1 8 9 0 1 5 6 2 5 0 1 1 7 6 7 1 3 3 0 3 9 3 9 6 3 8 1 7 7 9 9 3 7 0 1 6 3 3 1 5 8 0 6 2 6 0 6 1 4 5 6 0 0 8 1 9 8 5 0 4 6 0 8 6 3 6 3 1 1 6 8 6 5 1 8 6 7 4 5 2 5 6 6 5 8 6 2 0 9 6 4 0 7 0 1 3 7 6 9
4 1 8 1 9 5 7 0 9 2 0 6 4 5 0 0 4 5 5 9 1 3 2 0 4 4 0 6 0 5 5 7 4 8 6 4 0 7 1 1 4 3 9 1 3 9 3 2 5 1 4 1 4 3 8 9 2 2 3 7 1 7 4 6 0 2 9 3 6 8 0 7 7 5 9 0 1 9 9 0 7 7 2 2 7 3 9 2 0 5 6 7 9 3 4 3 6 7 9 3 9 6 8 9 9 2 5 7 5 0 1 0 7 9 1 7 7 6 9 8 5 7 5 5 1 7 3 3 6 3 3 0 4 4 0 0 2 6 6 6 5 1 6 5 7 0 9 5 3 0 9 5 4 4 1 6 9 7 9 7 7 9 7 6 1 6 7 4 3 6 5 7 5 5 1 3 4 8 4 6 4 5 3 4 2 2 3 6 2 8 0 5 9 6 9 4 2 3 2 3
8 6 2 8 3 1 1 5 6 3 9 1 9 3 3 2 6 2 8 3 9 1 1 9 6 9 5 0 9 8 7 1 6 2 0 6 3 2 9 9 6 9 0 2 2 5 7 2 4 0 4 6 1 7 2 9 6 8 8 9 0 3 8 2 7 5 4 4 1 6 4 2 8 1 1 8 3 0 5 2 0 3 8 9 3 2 1 3 7 2 2 5 2 2 6 3 6 9 4 0 0 9 5 6 2 4 5 9 5 5 4 3 0 4 2 0 6 7 3 5 4 2 0 0 1 7 4 9 6 1 5 7 0 6 2 2 3 2 0 2 5 8 2 4 7 9 2 0 6 0 7 9 3 0 0 2 9 4 9 8 9 4 6 6 6 0 4 7 9 0 2 8 1 5 7 4 7 0 5 9 8 8 5 0 3 6 9 0 0 2 9 7 5 3 9 1 7 8 5 4
3 5 7 5 0 0 5 3 2 5 2 1 6 2 5 1 7 0 8 6 6 3 6 3 4 8 9 5 5 0 9 6 3 4 9 9 5 6 0 8 4 7 7 5 3 5 0 5 2 1 1 4 4 3 3 0 6 9 4 3 0 9 8 2 8 0 3 5 3 9 2 9 6 1 1 4 4 0 5 6 3 7 2 2 9 5 6 4 3 5 4 6 4 4 8 9 1 1 9 0 7 5 6 2 0 6 4 1 4 2 6 5 8 0 6 6 7 3 9 1 0 8 1 3 2 0 9 6 8 6 1 7 2 6 2 0 1 5 0 2 8 5 4 9 4 2 2 3 1 2 4 4 9 1 1 3 6 6 7 8 7 1 8 7 1 9 9 1 0 0 2 5 1 3 8 1 0 6 3 1 0 9 2 6 6 0 0 6 4 5 3 3 3 2 7 4 5 3 2 4
8 9 7 8 8 7 7 9 6 7 6 4 5 1 1 7 9 9 7 5 1 8 8 5 0 0 8 2 8 2 5 2 9 0 6 2 3 2 1 4 2 6 1 5 6 2 4 4 1 8 0 3 3 8 0 6 0 0 4 1 9 3 6 9 2 6 8 6 2 3 0 5 0 9 5 7 7 5 5 4 5 9 8 2 5 1 4 4 3 5 2 7 4 1 8 0 4 7 0 5 9 3 2 1 8 9 2 2 9 0 3 6 9 9 0 9 8 5 9 3 6 1 1 4 5 4 2 8 6 2 5 3 2 4 8 1 7 0 3 5 5 0 0 1 7 7 7 2 0 9 4 7 1 3 5 6 5 1 5 4 9 0 2 7 5 7 2 4 9 3 1 9 0 4 4 7 7 2 4 8 2 8 3 3 2 4 0 9 6 0 2 0 6 7 4 6 6 8 5 2
6 1 3 7 2 6 6 4 5 4 4 3 1 3 8 7 9 0 5 3 4 4 3 8 4 3 8 6 1 0 4 4 2 3 9 8 5 5 3 4 5 4 6 6 1 9 7 7 6 8 4 4 0 9 7 3 6 2 6 7 5 0 1 2 5 3 3 2 1 5 6 0 2 4 5 6 2 3 6 2 5 4 6 0 4 1 9 0 8 8 2 9 1 5 1 3 9 3 3 0 0 1 8 1 7 4 4 2 8 4 7 0 3 5 9 0 3 6 7 9 5 3 7 2 5 5 8 9 0 7 7 1 8 9 8 7 5 0 4 0 7 4 5 7 9 1 0 0 7 9 3 5 1 4 8 7 5 5 1 5 4 3 8 6 0 1 9 9 5 5 9 8 4 5 0 2 8 3 0 2 3 9 4 7 2 7 2 7 5 5 1 7 0 8 8 0 8 6 3 1
2 8 3 8 5 6 8 7 2 2 9 9 2 8 5 1 1 9 4 8 4 4 1 0 1 9 4 4 8 6 1 1 1 2 7 4 1 2 2 9 8 9 0 3 0 4 8 0 6 6 9 8 5 7 8 7 0 3 5 8 3 5 8 8 1 0 4 6 0 5 2 2 8 6 5 8 1 1 4 6 2 1 5 7 6 8 5 1 0 4 1 1 8 8 2 3 3 1 4 3 7 7 2 6 2 7 6 7 9 8 4 8 1 7 4 0 0 7 2 8 3 3 7 4 4 3 5 8 1 7 7 3 4 0 6 9 5 0 4 3 4 3 8 8 8 7 4 8 5 8 2 1 5 3 6 3 7 0 5 1 4 2 1 5 9 9 8 1 6 9 5 9 9 3 4 2 0 7 1 0 6 2 4 2 8 4 7 7 5 0 8 2 4 2 1 8 1 3 4 0
7 4 4 5 4 1 1 2 9 4 1 8 0 8 7 8 0 5 4 2 3 2 0 4 9 3 7 5 1 5 9 9 3 2 3 3 0 4 7 5 5 5 6 0 3 3 4 0 9 8 4 0 8 0 4 4 5 6 7 3 3 3 2 9 8 2 5 7 0 0 4 6 3 1 4 8 2 1 4 6 5 8 1 8 8 7 4 9 6 5 7 2 9 2 3 3 7 1 7 4 0 7 0 4 5 4 7 7 0 6 4 0 3 0 4 9 6 0 5 9 8 8 7 0 1 2 4 5 8 6 2 4 7 8 4 6 3 2 7 8 6 1 0 5 2 8 9 2 8 4 7 6 9 8 6 4 0 3 5 6 2 8 7 9 5 5 3 6 3 8 1 8 5 4 4 6 0 8 4 8 2 2 4 4 5 5 4 6 0 5 9 2 8 4 1 9 3 5 7 9
4 8 1 7 2 5 0 1 2 4 5 8 3 9 7 6 7 6 5 8 1 0 8 5 5 0 0 3 4 2 2 6 2 1 5 6 7 4 5 8 5 4 3 0 7 1 9 8 8 4 9 9 2 1 1 3 5 0 0 8 0 4 0 7 4 8 2 4 5 6 9 5 4 4 4 5 7 7 8 6 0 2 8 4 7 0 9 8 8 1 1 0 0 7 9 3 7 8 3 3 8 5 1 6 1 9 9 4 7 3 6 9 6 0 2 0 0 1 0 9 8 9 5 5 1 4 7 1 3 5 8 7 5 6 5 2 7 1 8 6 8 2 4 9 9 2 1 3 1 5 8 3 1 9 3 8 1 9 2 3 0 4 7 7 8 0 1 3 3 7 4 2 4 8 7 4 2 8 0 3 6 2 9 4 4 0 9 5 9 1 0 7 6 8 7 6 3 0 4 2
5 6 4 8 2 5 9 9 9 6 7 5 8 4 3 9 9 6 8 2 8 6 7 6 2 3 4 8 5 3 4 1 5 2 2 8 9 5 8 6 8 3 6 9 4 5 6 1 4 7 6 4 9 7 6 0 1 5 6 5 4 1 5 5 0 0 2 7 0 0 2 1 8 0 8 0 0 9 5 8 4 2 9 0 7 4 9 3 9 1 5 3 5 6 6 5 4 9 9 3 7 2 3 4 4 0 6 1 8 3 0 7 1 6 8 7 4 8 9 0 7 3 8 9 4 0 5 5 7 7 7 7 5 3 5 9 5 2 3 2 7 2 9 9 7 6 6 3 5 6 8 3 0 6 8 7 3 8 4 0 4 4 8 5 4 3 5 6 7 2 5 1 3 4 4 4 9 8 2 4 3 2 7 2 9 5 0 7 7 6 0 4 5 8 1 1 1 5 3 0
0 1 0 6 9 9 0 5 0 5 3 5 9 9 0 7 7 4 9 0 6 2 0 6 9 5 6 1 4 7 1 7 8 4 8 0 0 2 2 2 2 6 2 3 5 7 8 7 8 0 0 3 6 3 1 0 4 8 0 4 5 2 7 4 2 7 9 7 0 4 5 1 2 0 9 0 8 5 9 1 5 0 1 7 1 3 8 2 6 1 6 0 1 2 0 9 1 6 3 3 7 9 3 7 1 1 5 6 6 4 1 4 9 0 3 2 2 7 9 6 0 4 0 4 0 9 3 8 4 3 4 4 8 3 5 9 7 6 9 8 5 2 3 4 8 2 4 0 1 9 4 1 6 2 5 4 8 2 7 5 4 7 0 2 6 9 6 5 9 7 2 0 4 6 9 5 7 4 3 3 6 4 6 0 4 4 2 2 3 9 9 5 1 1 0 4 0 3 8 0
5 7 8 5 4 1 0 8 1 4 2 8 8 4 5 6 1 5 2 0 7 9 6 2 5 2 3 0 6 2 2 3 6 8 0 4 2 5 6 2 1 9 7 3 0 0 9 2 7 4 6 6 8 7 4 7 8 1 9 2 4 1 1 8 1 8 9 4 4 2 6 3 2 9 5 0 6 0 3 2 6 7 9 9 8 3 1 5 8 1 1 3 6 1 2 3 8 5 6 3 8 7 4 3 2 2 1 6 5 1 3 7 6 8 7 2 3 7 8 2 5 0 2 7 4 3 2 9 4 8 0 3 3 3 7 9 1 8 8 3 2 7 2 2 8 3 9 6 7 7 7 5 7 1 0 2 2 0 3 7 5 9 0 3 0 3 6 2 2 0 1 6 6 5 3 0 7 8 2 0 4 9 7 3 8 0 0 1 5 9 0 8 5 2 7 6 4 3 3 7
5 2 3 1 7 2 5 6 4 1 5 3 3 2 2 0 4 7 3 0 7 2 9 6 5 5 0 1 7 3 2 9 0 7 0 5 8 8 2 8 8 4 8 5 9 4 1 4 2 7 9 2 4 9 6 2 9 8 2 5 0 1 7 1 6 7 5 1 5 5 2 2 3 4 2 3 0 2 1 5 4 9 7 8 6 3 7 9 4 5 2 4 2 7 2 0 3 7 6 6 2 0 0 9 7 8 1 7 6 5 6 5 9 5 5 7 1 2 8 0 8 5 0 5 5 5 0 3 8 1 7 6 7 5 7 7 2 6 1 6 3 0 3 5 4 6 1 6 9 9 4 3 1 7 1 8 3 2 8 9 5 6 5 1 0 3 1 9 6 7 5 6 9 0 2 8 4 3 7 7 4 4 2 2 5 5 6 7 9 5 0 6 6 1 9 0 7 3 8 0
1 3 0 9 5 7 4 2 9 6 3 6 5 0 8 3 8 6 0 9 3 0 3 0 7 6 9 3 6 7 9 8 7 5 6 6 7 3 0 4 8 7 3 3 7 4 6 2 3 6 3 9 0 1 4 3 1 2 3 9 4 4 5 6 7 8 7 9 6 2 8 6 4 5 0 7 5 7 9 2 4 9 2 9 8 8 6 3 6 8 8 7 3 2 1 4 5 9 0 0 2 6 6 9 7 1 8 1 8 7 3 3 9 4 0 0 8 9 0 0 8 5 7 0 1 7 2 2 6 6 4 2 1 5 7 4 1 0 4 1 3 2 4 4 0 1 6 9 5 1 6 2 1 5 0 0 7 4 0 5 9 1 1 4 9 7 7 3 6 8 5 7 3 9 1 0 9 5 1 0 3 4 6 8 4 2 3 3 7 2 9 6 3 1 5 2 5 6 9 2
6 5 6 7 2 2 2 3 9 2 6 2 4 4 9 8 9 0 2 7 8 5 1 3 2 2 3 8 1 6 1 2 1 3 8 9 1 4 8 8 8 2 6 7 7 5 5 4 0 2 3 4 2 3 1 3 3 3 8 0 8 5 5 3 9 9 1 9 9 3 4 9 7 7 6 2 7 0 3 6 3 4 8 0 0 0 4 7 9 4 3 8 5 5 4 7 7 4 9 0 0 2 3 6 0 3 7 9 7 4 6 1 1 4 3 9 4 6 0 1 6 5 4 7 0 0 1 1 5 5 9 7 6 5 7 6 2 9 8 8 1 2 0 0 2 2 8 2 7 5 2 7 2 8 0 3 1 0 3 1 9 7 9 1 3 4 7 2 3 3 3 0 7 4 5 9 4 4 0 4 5 5 5 0 1 8 8 0 7 5 6 1 2 1 3 2 5 0 7 3
2 0 0 8 2 4 0 2 9 3 4 6 0 6 5 7 1 8 6 7 7 6 7 6 6 4 7 0 0 6 8 8 2 8 2 7 5 4 7 6 9 3 8 4 4 8 6 0 3 2 5 3 8 2 3 7 8 6 4 6 1 5 7 6 6 5 2 6 9 8 9 6 0 7 4 1 8 6 5 4 4 1 2 1 6 2 9 2 3 8 9 8 2 6 1 0 2 2 5 0 0 5 1 2 8 3 7 5 4 9 1 6 8 7 2 8 2 9 5 6 4 7 6 6 2 0 9 5 9 3 5 9 0 3 7 8 7 2 3 8 4 3 7 7 5 2 9 4 7 4 8 8 8 0 2 2 0 7 1 7 1 5 0 1 0 8 5 9 1 8 3 6 3 1 6 4 3 8 2 4 2 7 2 1 3 3 5 4 6 1 4 6 8 5 4 8 5 0 0 1
6 6 0 8 6 4 4 0 9 2 0 6 3 1 8 1 3 2 4 4 0 1 8 2 6 4 2 8 1 9 4 6 1 8 4 5 4 2 1 8 4 9 1 7 4 8 1 4 3 4 2 7 4 0 8 4 3 6 5 5 0 7 0 6 2 8 8 7 5 6 9 6 4 5 2 6 9 4 6 7 9 6 2 1 1 4 0 6 4 7 0 8 5 2 8 2 7 2 7 6 4 1 9 7 7 6 8 4 8 0 7 9 5 3 7 3 0 4 8 0 1 6 6 8 0 1 0 8 7 1 0 5 8 5 3 5 2 5 3 8 2 3 3 2 2 5 9 0 8 6 8 6 1 2 0 8 5 1 8 3 1 3 1 8 8 8 3 8 6 4 7 9 4 0 4 4 1 9 1 7 4 0 0 5 9 2 7 9 0 1 0 3 0 2 6 7 6 5 6 4
2 6 5 8 7 1 2 7 5 8 1 7 9 1 8 1 9 7 8 4 0 3 7 8 8 6 8 1 3 6 2 2 0 5 2 1 5 8 0 5 1 6 2 9 7 8 4 0 8 2 2 1 2 0 3 1 4 3 6 9 5 7 0 5 4 9 6 3 7 7 7 8 1 0 2 8 6 0 2 8 6 7 7 5 3 4 1 3 1 1 5 1 3 5 3 0 7 1 0 3 4 5 5 3 9 8 9 2 8 1 1 5 1 7 5 4 8 4 0 6 3 9 5 3 6 4 5 0 3 9 7 6 1 1 0 1 4 4 8 6 0 2 2 8 8 3 7 9 9 2 1 1 3 8 3 4 6 2 6 5 1 2 4 7 9 8 9 9 3 7 4 2 2 2 1 3 3 6 1 9 4 4 2 2 6 6 2 4 4 2 1 3 4 9 2 3 7 3 6 7
5 4 0 3 2 8 6 6 4 0 0 4 5 0 4 3 0 2 5 8 9 4 3 8 5 1 4 2 6 6 6 3 0 8 7 3 2 1 8 2 1 3 9 4 2 1 9 6 2 0 5 0 1 2 9 9 0 9 9 1 6 0 5 1 4 7 3 2 3 2 5 4 0 7 2 4 8 2 4 2 2 6 7 7 8 6 2 5 7 3 3 1 5 5 4 6 3 9 6 0 9 4 0 5 7 3 5 1 5 8 6 9 5 5 9 9 8 7 2 6 3 5 1 7 7 7 0 8 0 0 8 4 1 7 2 6 3 7 8 7 8 5 5 6 6 2 5 0 1 3 8 1 5 4 6 2 8 9 7 7 8 0 7 7 5 9 8 3 4 8 3 2 5 7 9 6 3 1 8 0 1 8 0 5 2 0 6 9 6 5 2 3 3 0 4 0 8 7 1 9
9 5 5 3 1 6 8 4 5 0 0 1 2 4 3 8 9 8 7 1 9 7 8 3 2 3 2 8 3 2 5 4 4 6 8 9 3 1 4 6 8 8 1 0 6 4 4 4 7 6 7 8 1 8 9 1 2 7 7 2 8 6 3 6 9 7 3 9 7 5 3 0 6 4 2 6 6 1 3 3 1 5 6 2 7 3 4 6 8 6 3 2 2 3 5 9 6 4 2 3 8 9 9 1 5 7 4 8 9 0 0 6 8 7 6 0 6 4 1 5 4 2 1 2 0 1 3 7 7 0 2 7 3 9 1 2 0 0 6 9 9 6 4 3 1 0 2 6 2 4 2 3 8 1 9 5 4 1 7 5 3 5 0 9 2 2 5 5 8 3 9 1 2 1 5 4 3 1 4 5 5 3 0 2 8 7 7 9 8 9 3 9 3 8 9 6 2 2 6 1
8 0 8 7 7 1 1 1 0 4 8 0 7 2 8 7 9 6 2 8 2 2 6 9 4 5 5 1 1 3 3 1 2 2 2 8 2 9 0 2 1 0 3 8 6 4 5 1 6 4 9 9 6 3 1 0 8 3 0 3 9 3 4 3 8 5 1 2 1 5 2 9 7 3 2 7 4 7 9 0 9 6 1 0 0 5 6 5 4 4 1 6 7 6 4 0 4 0 5 1 7 8 6 8 5 4 9 0 3 8 6 9 3 3 3 3 0 2 9 4 3 1 6 8 4 0 4 8 1 9 0 3 5 6 4 4 4 2 2 4 4 8 2 0 8 5 0 6 2 3 6 2 4 3 5 0 9 3 5 8 2 1 5 7 9 9 8 7 3 4 1 6 9 9 6 6 5 8 1 2 0 3 9 9 0 9 0 2 2 1 3 8 7 7 3 0 6 8 1 8
9 6 9 1 8 9 7 0 7 9 8 2 9 6 0 3 3 7 0 2 5 4 7 7 0 1 8 5 3 4 2 3 3 0 5 1 9 8 0 7 4 8 6 0 4 2 8 9 2 7 2 3 9 4 9 2 7 6 9 0 4 9 4 4 6 5 1 2 3 2 8 0 2 2 4 9 7 4 1 3 3 0 3 4 2 9 4 5 0 1 5 2 9 5 2 0 9 7 1 9 4 5 9 6 8 1 9 7 0 9 6 9 0 2 1 6 5 3 6 8 7 0 2 9 5 7 3 1 8 1 8 0 9 3 6 5 3 7 2 0 3 9 7 6 5 7 0 3 2 5 2 2 6 1 6 1 2 2 3 3 6 4 3 7 3 5 7 5 5 0 5 0 7 6 8 4 3 8 1 3 8 1 7 0 0 1 5 8 8 1 8 1 6 4 6 5 5 2 4 2
5 0 6 1 9 7 2 5 6 6 2 3 2 2 3 4 8 0 5 3 1 8 1 2 9 0 7 9 2 8 6 9 5 8 8 9 4 2 2 1 5 7 8 0 8 2 2 0 5 1 7 6 9 1 9 5 9 8 2 7 4 8 0 3 0 0 3 4 4 4 2 3 9 9 5 2 2 9 1 1 6 4 4 4 9 3 2 9 3 7 3 7 8 0 2 7 9 1 3 6 2 6 3 7 0 7 8 5 5 1 3 1 4 2 5 3 4 4 5 8 3 3 6 7 3 2 7 7 9 0 9 5 0 1 7 0 6 0 3 5 8 2 8 7 3 3 9 5 1 9 4 1 1 6 4 2 9 2 9 6 8 3 9 7 3 0 5 0 5 4 8 5 4 1 6 8 1 7 3 1 9 5 9 4 6 5 1 2 1 4 8 1 6 0 8 6 2 8 0 2
4 3 2 8 6 1 8 1 7 9 5 3 9 6 4 4 9 2 0 6 2 7 8 6 5 2 5 2 1 0 3 2 1 2 8 0 2 7 7 7 3 0 2 2 1 0 2 2 2 0 6 7 2 4 9 5 5 0 0 4 2 0 8 1 5 1 5 0 3 3 6 6 0 0 2 1 2 7 8 2 0 8 1 3 0 2 9 4 9 4 8 6 9 8 7 3 6 5 1 7 3 0 6 4 6 9 1 9 0 5 0 1 0 1 5 9 2 7 6 2 2 4 1 4 8 4 9 7 7 1 3 8 0 0 8 9 5 4 3 4 6 3 4 0 4 4 1 7 5 7 4 2 6 9 0 2 4 0 5 0 1 8 7 9 9 5 4 5 4 6 4 3 1 3 0 9 8 1 3 2 9 3 3 2 4 3 9 7 5 6 6 8 5 8 2 6 5 5 6 9
0 4 4 7 7 3 2 6 9 9 0 4 7 9 8 2 1 7 5 0 3 7 8 8 8 3 8 0 9 5 3 0 6 0 7 0 4 7 2 2 7 0 0 2 6 0 2 3 1 0 6 1 1 9 5 5 2 1 5 9 7 9 1 3 7 0 2 1 8 5 4 7 4 6 5 6 0 0 8 6 6 4 4 9 5 6 1 8 5 8 7 6 8 9 3 5 7 8 7 0 4 0 8 9 0 6 8 8 9 4 2 0 0 8 6 8 8 7 5 8 2 5 7 0 5 4 1 7 4 7 2 9 0 9 0 0 0 5 7 4 0 9 8 3 2 5 3 4 0 1 0 5 4 3 2 4 6 5 5 8 9 9 8 6 4 5 4 0 5 3 8 2 7 2 5 5 3 4 7 8 5 3 2 7 5 8 0 3 9 7 7 5 5 2 6 6 9 7 4 5
2 9 6 7 5 1 7 9 1 7 7 6 7 1 1 3 9 8 3 9 7 0 5 1 0 4 3 7 4 6 2 0 8 2 1 2 6 0 5 7 4 3 3 3 4 7 7 0 8 1 4 2 1 0 2 0 9 9 9 2 3 8 7 1 1 9 0 2 1 5 5 3 3 6 3 2 1 2 6 1 3 8 5 6 5 3 0 5 9 4 7 3 9 7 1 8 5 7 7 7 5 7 2 1 4 1 6 7 4 0 5 1 6 6 3 6 8 2 4 3 7 5 7 2 0 8 4 6 2 3 4 4 3 9 5 0 8 8 4 2 8 5 0 3 0 4 3 8 4 8 1 1 3 2 5 7 3 0 7 2 3 0 6 0 2 9 9 8 9 3 5 5 9 6 3 9 4 7 8 8 6 3 1 9 8 2 9 5 0 9 1 2 0 8 1 2 7 2 5 6
1 6 4 0 5 9 3 4 6 2 7 8 2 5 3 6 4 6 6 5 3 0 6 5 1 7 7 8 8 1 1 1 3 9 0 2 4 9 1 6 3 9 6 2 1 3 5 3 5 2 6 5 4 5 2 2 5 5 1 1 1 5 2 8 6 1 4 5 8 3 1 1 0 9 6 7 1 8 1 3 1 1 0 6 6 5 8 2 9 3 7 9 0 9 5 3 9 6 1 5 7 4 6 2 7 3 9 3 4 0 7 8 0 2 6 6 2 5 4 6 0 9 2 0 6 2 6 9 7 0 0 6 4 8 9 6 0 2 5 8 0 2 5 3 7 2 4 4 9 2 7 6 2 2 1 7 1 7 3 4 3 5 0 6 6 0 6 3 6 0 5 6 3 9 4 1 7 3 4 7 5 8 8 9 1 9 4 0 7 9 2 3 7 0 7 1 1 7 0 6
1 3 7 0 2 0 5 4 2 5 4 8 6 4 5 8 0 4 2 4 4 3 0 4 5 3 5 2 4 7 5 2 3 9 5 5 6 1 8 7 5 2 2 2 9 1 2 2 7 3 1 3 7 8 1 5 4 5 1 1 6 1 0 2 1 0 0 8 0 4 2 9 1 3 5 9 0 4 7 1 6 8 0 7 5 5 1 9 9 3 6 1 5 2 3 6 1 5 2 0 6 8 3 0 1 1 5 2 8 3 6 2 3 0 6 1 9 2 5 2 7 8 9 4 4 0 3 9 5 4 9 5 0 5 2 1 0 0 3 6 0 6 3 3 5 7 1 3 2 7 6 9 2 0 6 3 7 9 3 7 8 2 7 7 2 2 3 2 4 4 7 1 5 4 3 6 1 0 6 6 6 1 0 3 6 5 8 5 4 5 6 0 3 6 0 6 4 9 0 1
2 2 0 2 1 1 7 6 0 3 7 7 9 9 9 4 3 7 6 4 3 0 3 3 8 8 1 0 7 0 2 8 1 0 9 2 0 0 9 0 3 6 6 8 0 1 9 6 9 9 1 2 6 6 6 1 7 5 0 4 3 0 8 6 9 1 0 1 7 2 7 1 2 2 4 6 6 0 2 4 8 9 2 5 8 8 2 0 6 4 9 8 7 7 4 1 2 9 9 1 8 7 0 2 5 2 0 6 8 6 7 5 5 1 3 2 2 3 3 3 5 6 6 1 4 6 5 0 7 4 3 1 1 9 2 5 6 3 0 7 8 4 0 0 4 5 4 8 1 7 7 4 3 1 2 7 0 7 0 6 4 4 9 7 6 6 7 0 1 5 8 8 3 8 6 2 9 0 9 0 6 5 6 2 9 7 7 2 6 8 3 6 2 3 3 4 8 0 5 1
4 6 1 0 9 9 7 5 5 8 0 9 3 5 8 6 9 5 4 4 6 6 3 5 4 9 9 5 6 8 4 5 9 3 4 2 4 3 1 6 3 5 2 0 2 0 4 6 0 1 7 0 1 6 0 3 9 2 4 4 4 7 0 2 3 0 6 2 4 6 4 3 0 1 7 6 2 6 2 2 1 2 0 3 6 8 7 1 7 2 1 5 6 3 7 2 6 5 4 4 2 9 4 1 1 9 2 2 3 6 2 9 2 1 2 7 2 3 7 6 1 0 6 7 4 1 0 1 8 8 7 7 8 2 4 2 1 3 4 0 6 2 7 1 4 9 6 5 7 0 9 0 7 7 9 3 7 7 0 6 7 8 6 8 6 1 5 6 8 5 1 5 9 6 3 7 0 3 4 1 8 2 2 5 2 5 5 7 9 7 0 5 8 4 9 8 7 9 4 6
1 1 6 6 4 6 2 9 5 5 8 9 4 3 7 6 5 1 1 3 5 4 7 7 2 1 7 5 5 9 5 1 1 8 0 0 9 8 4 8 9 5 1 9 3 5 0 9 6 4 5 9 0 2 1 5 1 3 9 9 0 6 9 5 1 0 0 7 9 2 6 8 4 9 2 0 5 1 7 7 3 3 9 8 9 8 3 8 5 2 3 1 5 7 7 8 6 8 2 3 7 2 8 7 0 1 3 7 6 4 4 7 4 4 3 2 6 0 5 1 8 3 5 7 1 1 9 1 4 3 8 7 1 5 2 5 4 3 3 1 0 5 9 0 4 6 6 1 0 6 5 6 6 2 6 0 8 4 1 1 8 6 8 5 0 8 1 4 4 5 0 1 5 6 1 3 2 4 8 4 8 7 7 7 6 5 0 0 4 1 9 9 1 3 9 6 3 5 9 7
8 3 6 8 0 0 3 8 4 6 3 9 4 3 4 6 1 7 0 0 3 5 4 2 0 3 3 3 7 6 5 1 2 2 9 6 6 7 2 8 4 7 8 8 8 3 5 2 0 1 8 4 6 1 4 4 6 6 0 8 2 7 0 8 1 8 2 0 9 1 2 5 2 1 4 0 4 3 6 0 1 0 7 8 8 4 3 8 0 8 5 3 8 4 8 8 5 2 8 7 2 5 1 1 5 4 7 2 9 2 1 6 3 7 0 9 3 9 7 2 1 0 2 5 3 0 8 7 7 6 7 5 1 6 6 1 8 8 6 9 7 0 5 0 0 7 1 2 2 8 0 7 0 9 1 6 3 4 4 3 3 6 3 9 7 8 4 5 4 3 2 6 7 7 1 4 5 0 6 4 7 1 2 3 0 4 7 6 6 3 4 9 2 2 8 6 5 8 7 2
1 4 5 1 9 6 1 0 2 2 5 0 5 6 3 4 3 4 2 5 0 0 2 9 3 9 2 7 9 1 7 9 7 5 0 1 1 9 8 1 6 3 7 6 8 6 1 1 6 3 9 2 5 9 2 9 5 7 5 5 4 7 3 1 2 6 8 3 3 2 5 9 1 6 4 0 7 9 1 8 2 4 3 9 7 3 9 9 6 2 8 6 7 9 5 8 5 2 5 2 2 8 6 7 1 3 9 2 7 0 1 9 1 8 3 0 8 5 9 0 4 4 3 7 2 0 2 4 2 6 2 7 8 8 6 9 0 1 2 9 0 3 0 5 7 6 3 5 4 0 6 8 5 5 8 1 5 9 0 5 2 6 2 0 3 8 6 5 3 8 3 5 9 6 5 8 1 6 9 8 1 7 4 5 3 3 0 0 3 3 0 3 4 4 1 1 4 1 0 1
4 8 8 1 2 5 8 6 5 1 8 1 0 8 5 2 0 4 5 0 5 7 9 5 1 7 7 3 4 9 7 3 2 6 3 5 2 6 1 0 2 1 6 3 9 5 1 2 0 3 8 7 0 2 7 6 9 5 5 7 1 0 1 5 8 1 1 8 7 9 2 6 8 7 4 4 1 9 0 9 4 0 5 6 1 2 8 3 0 7 0 3 6 1 3 1 5 4 0 9 9 3 6 9 4 8 6 6 0 9 1 7 2 5 6 1 2 4 1 2 9 6 9 7 5 3 0 5 3 0 8 8 6 8 5 3 6 8 5 4 4 8 7 0 9 1 2 0 9 7 7 3 4 3 5 2 7 8 7 5 8 6 4 5 5 8 4 1 0 2 4 0 7 7 6 3 6 7 2 2 6 8 4 4 9 6 1 1 2 8 6 4 0 2 1 9 9 1 9 8
6 5 4 6 4 5 2 8 7 8 5 4 5 7 8 5 5 8 5 1 0 6 2 3 1 5 2 3 4 0 7 9 8 1 4 8 8 3 1 5 5 5 5 1 3 2 5 7 8 2 7 8 9 2 8 5 5 7 1 7 9 8 6 1 2 5 5 9 6 8 6 7 1 5 4 6 9 2 4 0 3 3 5 6 3 9 4 6 0 3 7 2 8 2 4 5 1 1 4 8 5 2 8 5 5 1 2 6 5 6 4 5 8 8 1 2 4 7 8 9 7 7 7 0 2 9 4 8 1 5 2 2 4 3 6 4 5 4 0 9 7 6 8 8 0 1 5 6 8 2 6 5 9 2 8 7 6 2 0 6 5 5 9 7 9 7 5 7 7 5 4 4 8 0 8 3 3 3 9 0 5 8 8 8 4 9 9 5 9 0 8 8 7 1 7 8 4 3 6 0
1 3 8 5 7 5 0 8 9 1 4 1 6 1 0 5 2 3 8 7 8 6 8 1 4 3 1 1 1 0 0 0 2 1 8 0 7 8 6 6 0 9 3 7 0 8 3 7 3 6 0 1 7 5 1 9 7 9 6 8 0 8 1 0 2 3 5 6 5 2 1 5 0 8 5 7 7 4 7 8 6 6 3 8 8 1 3 1 7 1 8 8 5 1 8 7 5 2 4 9 2 0 2 7 3 5 0 9 4 1 2 2 8 8 8 5 2 5 2 0 2 1 8 7 2 3 7 8 5 7 8 7 7 7 4 6 7 2 0 1 4 5 0 0 1 0 1 3 3 5 1 4 6 5 9 8 5 1 0 9 7 3 9 3 7 5 1 8 7 3 7 0 9 5 9 8 3 4 2 7 1 0 5 8 3 0 0 6 6 7 2 1 0 9 0 8 3 8 7 7
8 1 4 2 2 8 8 0 7 0 0 4 7 4 3 8 4 7 9 3 7 5 2 2 1 0 5 7 4 6 0 7 5 1 5 6 0 8 0 7 2 4 6 7 5 4 6 7 3 3 6 3 1 7 6 9 7 8 8 7 9 3 0 5 5 3 8 7 0 6 5 5 8 3 4 7 3 6 5 5 6 1 9 3 0 3 4 8 4 2 0 2 9 3 2 7 3 4 9 6 8 8 5 6 0 3 8 5 5 0 1 4 5 1 7 9 2 0 7 6 5 7 3 8 2 7 8 8 0 6 4 4 1 0 2 4 6 0 6 9 9 9 3 6 8 0 0 3 9 4 6 7 5 1 3 1 9 4 2 6 6 8 3 3 1 4 0 6 4 2 3 8 2 8 1 5 4 1 1 5 1 7 3 2 9 0 7 1 2 2 1 3 4 2 0 1 7 3 3 3
4 3 6 6 1 0 9 7 5 6 2 1 6 3 3 5 7 7 8 8 6 7 0 6 9 0 9 4 9 5 2 0 1 2 3 4 5 5 7 8 4 2 1 8 5 5 9 8 9 0 9 9 2 9 4 6 7 8 9 2 6 8 1 8 9 0 0 4 1 6 8 1 5 4 2 2 8 3 4 9 5 4 7 4 8 0 7 3 5 3 3 6 8 8 6 0 4 1 8 1 9 5 0 3 0 1 4 6 2 8 7 2 8 3 6 0 1 7 3 1 6 7 7 6 7 7 8 8 2 8 7 9 6 5 6 6 1 0 5 3 0 6 0 4 1 3 1 0 0 9 2 6 5 6 9 1 3 7 6 8 6 5 5 1 6 9 6 0 7 7 8 1 0 5 8 8 0 8 4 7 2 2 1 6 8 1 7 3 6 6 7 7 4 7 4 8 6 8 0 8
7 9 9 1 8 6 6 0 4 4 4 1 6 6 4 3 3 1 8 7 0 2 1 4 5 7 3 2 5 1 9 5 6 3 0 5 5 6 1 6 7 1 2 4 7 1 4 8 7 1 1 9 3 2 5 1 0 1 4 1 4 0 2 6 7 1 6 5 3 7 7 5 1 9 1 0 6 0 2 6 2 9 6 3 2 7 5 6 5 9 3 2 2 7 1 4 9 6 8 0 1 1 8 8 5 6 7 1 3 3 3 6 4 5 7 4 7 2 2 8 6 3 8 9 5 0 1 2 1 6 2 3 9 4 5 4 0 5 0 7 3 4 2 6 7 6 7 0 0 3 5 6 9 0 7 0 3 4 7 6 0 1 4 4 2 2 9 8 2 6 2 2 1 1 1 5 6 9 0 0 0 9 4 1 9 6 8 6 5 4 5 9 9 6 2 4 8 4 0 8
6 9 5 1 8 2 4 7 8 0 5 8 0 9 3 6 8 7 4 9 3 4 1 3 2 4 8 4 3 0 5 3 1 1 6 9 2 1 6 8 6 2 3 3 7 5 9 2 7 5 5 6 8 5 4 4 1 9 7 9 4 3 7 7 2 2 6 9 8 1 5 0 0 1 6 0 9 6 2 3 5 8 1 7 1 7 5 5 8 0 5 2 3 7 5 6 0 7 8 1 3 9 3 9 7 8 1 0 7 3 3 9 9 7 0 0 8 9 1 3 2 0 1 8 0 4 3 8 3 7 9 2 1 6 4 5 7 9 7 7 9 5 8 9 3 5 3 7 6 0 8 9 3 4 0 0 7 0 1 1 4 1 2 0 1 1 6 4 5 1 1 0 2 0 5 2 5 5 3 3 8 4 5 0 5 2 3 1 0 1 4 1 5 5 4 8 3 1 8 6
0 9 6 4 7 5 6 8 9 9 9 7 8 4 0 3 8 4 5 4 8 3 5 3 0 7 1 3 0 3 8 1 1 7 2 4 4 6 4 9 3 7 5 3 0 7 1 4 5 5 2 9 8 2 0 1 2 4 1 2 7 8 8 5 5 1 2 9 9 3 6 2 3 6 8 0 7 7 5 2 3 3 0 0 8 7 4 1 8 3 3 6 3 5 1 5 7 9 5 8 7 7 5 7 8 8 0 8 1 5 6 2 6 5 6 6 5 4 2 8 4 2 3 1 8 7 8 5 6 1 6 2 1 7 6 5 6 8 4 5 6 4 9 3 5 7 2 3 0 1 0 7 8 3 1 1 5 0 6 9 4 4 9 8 7 6 3 8 6 5 6 4 2 4 3 2 9 7 8 6 4 8 9 8 3 8 2 5 7 5 4 7 4 6 8 9 8 8 1 0
9 7 6 4 7 6 9 9 4 7 9 7 8 6 8 5 6 2 2 7 5 7 2 0 2 8 2 9 6 6 8 5 6 8 8 9 7 7 6 6 6 9 5 5 8 8 3 2 7 3 3 8 5 4 6 8 4 2 6 4 5 1 9 4 2 3 8 7 9 3 4 9 6 7 8 5 0 9 1 3 4 8 1 9 0 8 7 4 2 7 3 5 5 5 9 6 1 8 5 8 0 5 3 1 8 0 5 9 8 7 6 0 4 2 9 6 1 9 3 4 1 8 0 9 6 1 8 8 7 7 0 7 0 1 2 8 6 6 5 1 1 8 0 7 6 6 6 3 3 9 2 0 7 9 7 4 5 6 8 2 5 9 7 0 1 2 3 5 1 1 4 7 9 9 8 0 5 5 3 0 7 9 5 1 4 4 5 6 6 8 2 4 0 4 1 4 3 0 0 3
0 9 1 9 6 1 6 1 3 7 9 9 1 9 6 5 5 2 7 2 1 0 2 7 8 0 4 9 8 0 0 1 0 6 5 9 2 1 0 7 0 1 8 5 3 0 2 9 1 3 0 3 7 2 4 1 2 4 2 7 6 0 3 3 7 6 5 1 9 5 2 3 7 2 7 4 3 6 6 0 2 4 0 7 3 7 2 3 9 9 4 0 2 4 4 5 6 6 6 2 4 7 3 9 0 1 2 1 9 1 4 1 6 5 2 0 8 2 9 2 9 8 0 7 8 4 8 4 1 6 3 8 3 1 9 8 2 1 6 7 1 2 9 4 7 7 6 7 1 6 5 6 0 7 2 1 6 6 4 6 4 1 3 9 7 2 5 2 5 8 5 9 6 8 8 0 7 6 9 3 3 9 5 2 4 7 2 5 6 2 9 8 1 7 4 8 4 2 2 1
2 9 9 7 0 7 7 5 6 8 7 2 5 1 7 8 7 0 5 8 8 4 9 7 8 5 8 1 3 3 7 7 6 3 4 9 2 3 0 2 5 0 2 2 8 5 1 0 4 5 2 8 6 2 1 8 5 6 2 1 9 6 5 9 4 8 9 4 6 4 8 0 4 0 0 8 9 7 9 6 3 7 6 0 6 8 1 1 1 7 8 1 3 0 8 6 8 8 4 4 8 0 6 0 5 6 7 7 3 2 8 8 1 6 8 5 6 3 2 2 3 0 5 1 3 9 7 9 4 0 5 6 8 5 0 3 0 5 1 7 0 3 9 1 9 2 0 9 9 1 2 8 8 0 6 6 8 0 6 5 4 8 1 5 9 8 1 7 5 9 4 8 3 4 1 0 8 4 9 6 9 2 4 4 0 5 7 7 2 4 0 8 6 7 4 2 6 6 5 2
6 0 5 3 6 1 0 2 8 8 8 4 8 6 8 7 6 3 8 5 2 1 2 9 4 2 3 3 0 3 6 1 8 1 3 1 3 7 8 3 6 0 4 3 9 8 1 2 5 9 2 5 3 1 4 3 8 5 2 5 3 3 2 9 0 0 5 3 6 8 2 8 7 6 6 7 2 0 2 2 1 5 5 2 2 9 3 1 1 8 4 6 1 4 5 4 0 3 9 0 5 4 0 5 4 9 9 5 0 9 1 1 9 2 6 3 7 2 7 6 2 8 3 3 0 6 0 2 5 6 8 9 8 8 9 6 9 1 2 4 5 1 5 6 2 8 7 4 1 7 8 3 1 4 0 4 9 3 8 2 2 5 2 0 2 5 6 6 6 9 2 6 0 8 6 9 8 2 4 3 3 4 0 4 6 4 9 2 1 2 0 7 6 3 7 5 5 1 8 2
0 1 3 8 8 4 6 8 9 7 7 4 0 6 4 0 3 2 4 9 7 8 4 7 3 2 6 3 7 3 2 9 0 1 9 8 0 9 8 5 6 5 4 1 2 8 0 8 2 7 3 8 8 6 8 6 3 9 8 3 1 8 3 5 4 3 2 9 5 7 4 4 9 2 2 5 8 8 8 7 9 3 7 9 1 8 3 9 6 7 0 2 7 9 7 7 9 4 5 0 6 2 6 5 4 1 7 1 0 8 2 3 0 5 4 2 4 6 0 8 6 9 4 3 4 2 6 6 6 3 9 8 9 0 0 7 4 2 9 2 5 4 4 3 2 4 7 6 6 8 0 0 0 0 6 0 2 8 5 0 1 9 2 9 1 0 5 6 0 2 7 5 4 3 6 5 3 5 4 1 7 7 5 3 5 1 2 8 7 3 1 5 7 3 2 5 7 5 8 2
1 1 9 7 0 0 3 0 3 8 4 6 7 5 7 9 4 5 7 7 1 1 3 4 5 2 4 8 2 1 4 6 2 2 1 0 4 8 6 4 9 9 6 1 2 8 0 5 2 1 3 3 5 5 2 7 3 4 6 0 6 9 6 5 8 0 7 5 2 7 4 5 1 8 6 1 0 4 7 6 3 5 5 4 0 1 6 6 4 1 4 2 2 7 2 9 8 5 6 1 0 6 0 5 3 5 6 9 6 9 7 2 5 3 5 3 4 4 3 7 3 5 5 4 3 4 5 7 2 1 5 5 1 4 0 7 4 1 9 1 5 4 6 7 9 8 7 7 1 7 0 2 2 1 2 3 0 6 4 2 4 0 7 8 8 2 6 8 0 4 4 1 9 7 4 1 9 6 9 3 6 4 7 1 9 1 1 1 9 1 8 2 1 3 8 1 2 0 1 5
5 4 7 6 3 9 5 4 5 0 9 2 2 4 7 8 5 9 6 4 0 2 1 0 7 9 6 1 6 5 2 9 3 2 0 5 0 8 4 7 2 0 3 9 7 9 0 3 2 3 2 6 9 9 7 6 0 8 3 0 6 4 8 1 4 1 8 8 1 6 2 2 9 6 8 7 4 5 1 3 3 9 1 9 2 6 0 0 9 7 9 4 6 7 4 2 2 3 6 9 6 5 4 1 7 5 8 3 3 3 9 0 9 7 9 2 2 3 2 0 1 8 1 1 2 8 4 1 0 4 8 7 7 4 1 6 8 2 3 8 2 3 5 4 4 6 9 3 0 0 1 6 1 6 5 3 2 0 0 9 6 0 8 5 6 9 6 5 2 5 6 2 3 8 7 1 5 6 8 9 2 2 9 5 4 8 1 6 0 0 5 0 2 3 9 9 7 2 3 3
0 5 8 8 5 7 2 0 3 0 4 9 0 6 3 0 1 0 4 0 1 1 2 1 6 1 4 0 6 8 2 0 3 7 6 3 3 5 8 2 2 6 3 8 5 7 1 8 6 5 7 5 7 9 2 7 5 1 3 9 8 0 3 5 3 7 2 0 8 9 2 6 1 8 1 5 5 9 4 7 0 1 0 2 7 8 5 5 1 1 3 0 3 0 0 5 6 8 1 4 6 5 6 9 1 0 5 5 6 2 7 9 5 8 8 7 8 6 2 5 9 1 0 4 8 9 5 0 9 0 3 7 6 5 3 3 4 3 7 6 4 0 0 1 0 1 7 9 9 2 3 4 0 7 3 5 0 3 0 5 5 8 7 5 6 1 3 3 8 4 0 4 8 1 5 4 9 5 9 2 7 5 5 0 8 4 0 4 3 3 7 9 3 7 6 4 8 9 9 8
9 6 0 9 9 3 5 2 5 5 6 9 2 9 1 8 9 0 9 2 1 5 3 7 9 9 8 8 9 2 9 5 5 8 6 9 0 7 3 1 7 0 4 6 7 2 8 6 5 0 2 1 3 7 1 8 4 5 9 5 4 0 8 9 9 3 6 7 9 0 8 9 6 8 3 6 5 0 8 6 1 5 1 8 2 1 1 3 6 9 7 5 0 7 9 3 1 2 9 7 7 3 0 3 3 5 3 8 9 8 9 6 3 4 7 2 4 9 6 6 7 6 8 2 1 5 8 0 2 6 6 1 1 8 2 5 6 5 4 9 5 2 3 5 8 5 6 6 9 6 9 5 2 3 6 5 7 6 0 0 0 7 6 7 2 7 4 6 8 4 9 6 1 0 9 2 2 1 1 8 5 5 8 3 2 7 0 3 6 3 2 2 5 8 9 5 1 8 1 7
9 3 2 7 3 8 3 4 9 4 5 1 3 4 7 9 2 8 1 3 5 2 3 1 4 2 2 5 2 2 3 0 3 6 1 5 8 0 4 4 7 0 8 4 1 9 8 4 5 0 1 1 4 0 0 9 6 5 7 0 4 1 5 6 2 6 1 9 9 5 1 5 8 2 7 5 1 5 8 4 5 5 9 4 3 6 3 2 9 7 4 9 3 3 8 3 6 5 4 9 5 5 1 8 9 9 3 3 1 3 5 4 8 3 1 1 2 2 2 8 1 6 9 8 5 9 0 5 6 3 5 2 3 8 0 7 8 1 5 0 9 3 1 8 4 5 4 3 3 6 1 8 3 2 6 6 5 6 3 4 0 2 8 3 1 9 6 5 9 3 8 3 3 1 1 0 9 2 7 5 7 6 1 3 6 8 8 3 2 1 7 1 7 6 9 1 7 6 8 9
4 8 3 4 0 9 7 5 6 0 8 6 7 1 6 7 6 2 4 5 9 2 0 3 8 3 0 1 4 2 8 6 0 9 2 0 6 4 8 5 6 9 7 2 2 1 1 7 5 8 0 3 8 2 7 1 5 0 9 2 6 1 5 0 6 4 7 0 2 0 8 5 3 7 7 0 6 1 0 7 2 5 7 6 0 6 7 4 3 5 3 5 1 2 5 3 0 2 8 0 4 9 0 1 3 2 6 1 5 1 3 2 7 9 8 9 5 1 7 7 8 5 4 6 7 0 5 6 6 4 3 0 2 5 2 3 2 5 7 9 5 0 5 0 7 6 3 8 8 9 8 7 7 5 8 5 6 2 3 5 3 0 2 4 9 9 5 0 7 3 8 7 0 4 9 9 5 0 5 3 9 9 5 9 8 8 2 4 3 2 7 7 7 7 3 4 7 7 2 1
9 1 1 3 3 4 9 8 6 8 3 4 1 1 0 1 5 7 9 3 1 1 3 5 0 3 5 5 1 1 9 2 9 8 7 7 0 6 7 5 4 8 4 9 5 6 6 5 7 8 4 8 3 3 3 4 4 1 2 5 2 0 0 4 0 8 2 5 5 7 1 5 5 0 2 3 9 4 5 2 4 3 5 9 5 9 6 5 1 2 7 9 8 0 5 6 2 1 3 4 6 1 6 4 0 1 9 2 7 7 2 5 4 9 2 9 4 3 4 6 4 2 2 9 8 4 7 4 0 5 1 4 3 1 5 7 8 1 1 4 2 0 3 9 9 0 3 0 2 4 2 3 3 7 6 4 2 9 8 2 0 2 0 5 8 2 0 0 6 5 0 6 7 8 0 7 7 9 9 8 3 0 3 8 5 6 0 9 0 0 5 6 8 7 1 7 0 1 7 2
7 7 5 1 5 8 9 7 9 9 7 5 6 4 0 1 4 5 2 4 8 9 6 4 3 0 7 4 5 9 9 2 1 6 7 1 9 0 2 4 6 6 0 0 1 9 7 0 3 2 8 2 3 6 4 8 5 8 1 7 8 2 0 5 8 3 6 4 2 1 2 4 1 5 9 5 2 9 5 4 3 1 9 4 6 4 7 3 9 3 9 6 4 1 7 9 4 0 0 2 1 0 8 2 4 7 4 7 7 1 5 6 1 2 8 4 0 6 4 2 0 9 0 2 5 6 3 2 7 3 8 2 5 2 2 8 8 4 9 6 3 8 3 1 2 3 6 2 1 7 3 3 9 6 4 6 1 4 3 4 4 5 9 0 0 7 8 0 1 7 4 3 3 3 3 0 9 5 4 8 5 6 6 3 0 7 2 5 9 4 6 1 5 5 2 7 5 2 6 0
9 4 4 6 8 1 2 6 1 4 0 2 0 8 6 1 2 9 1 1 8 4 4 7 1 7 4 6 9 3 7 9 6 4 3 4 5 5 4 5 5 4 2 7 2 5 3 8 9 9 9 7 0 6 5 5 6 3 7 9 3 3 4 8 9 6 6 6 1 2 0 9 3 9 9 2 5 2 5 9 2 1 0 2 6 5 4 3 0 5 3 3 9 0 2 2 7 4 4 6 2 4 4 6 3 9 8 9 2 3 3 1 3 9 9 8 2 5 0 8 7 8 0 1 5 6 4 9 6 9 9 1 8 1 9 9 3 9 5 9 8 7 6 1 8 6 5 5 9 5 5 3 6 7 4 1 4 7 5 1 0 0 7 5 0 3 0 7 2 2 8 9 3 4 2 1 8 2 3 1 3 0 4 7 7 1 4 1 0 9 0 0 4 2 9 5 3 3 2 1
4 6 7 8 1 8 6 5 2 7 8 9 5 4 9 5 0 2 2 4 8 2 3 1 2 6 1 2 3 9 7 3 7 7 6 1 8 3 8 5 5 4 3 1 2 1 4 0 2 9 0 9 0 5 8 3 8 9 0 9 8 5 1 4 5 0 4 5 7 4 7 4 8 7 5 4 0 8 9 9 7 9 5 0 1 1 5 0 8 7 8 2 3 8 6 8 2 2 5 0 8 1 9 9 4 1 8 7 3 3 0 8 1 8 9 7 9 9 1 7 4 5 2 3 4 1 4 0 5 1 6 6 2 9 3 3 3 7 9 7 9 6 0 8 2 5 3 3 9 7 4 0 6 2 8 2 9 2 3 1 1 5 7 3 8 0 4 1 6 7 7 4 4 5 8 3 9 8 2 8 5 9 2 6 2 2 2 4 1 0 7 4 3 4 7 6 3 1 7 0
3 0 1 0 6 7 2 2 5 6 8 6 6 4 1 1 2 7 3 6 0 0 3 4 8 8 4 2 2 8 7 2 9 1 1 9 8 0 6 2 0 6 4 3 5 9 1 9 0 9 2 2 5 5 7 5 0 6 2 6 1 3 6 1 7 5 4 4 3 9 7 1 2 0 2 4 2 1 2 3 4 6 1 3 8 7 9 4 1 2 9 2 4 1 8 7 0 9 4 7 7 2 3 2 5 0 0 0 0 8 3 8 6 2 7 8 6 4 0 2 3 7 6 7 0 8 4 9 5 1 9 9 9 5 0 4 7 5 0 6 2 5 2 6 4 6 7 0 1 0 4 5 6 6 7 6 4 1 4 1 4 2 0 0 7 9 0 1 7 0 6 3 4 8 4 8 7 6 8 1 4 1 0 2 3 8 5 8 3 6 3 1 8 1 0 1 8 9 1 4
2 3 4 2 8 1 7 7 3 2 6 1 0 0 1 3 3 0 3 5 0 7 8 8 9 6 3 2 3 0 6 0 1 7 8 4 3 5 7 8 1 6 5 9 2 6 2 2 9 1 4 6 0 8 3 5 8 7 1 4 3 6 8 6 1 9 3 4 5 0 8 2 1 8 7 4 2 8 9 9 9 2 5 9 1 9 2 7 6 2 2 4 6 4 2 7 1 8 3 0 8 5 9 0 7 7 6 2 3 2 6 2 6 0 4 0 3 4 2 2 1 9 4 6 8 1 0 4 5 4 5 9 6 0 0 2 3 3 5 1 9 8 5 3 3 5 3 8 3 8 9 8 2 5 7 6 1 5 4 5 9 6 9 0 7 8 4 0 0 9 9 9 4 0 0 6 1 7 8 9 2 6 2 5 8 5 7 4 8 8 2 5 0 9 6 1 1 7 7 4
9 2 9 8 8 9 7 6 4 7 9 7 5 2 3 3 8 8 8 3 2 7 3 6 5 9 9 8 0 5 0 7 0 8 3 4 5 7 0 2 0 0 0 3 1 9 5 0 6 3 7 5 6 1 8 0 7 7 1 3 9 1 2 6 6 7 2 7 3 3 6 7 4 2 0 1 4 9 7 8 0 1 7 5 0 0 3 6 1 8 6 8 8 8 0 2 4 8 0 6 3 9 6 2 7 4 3 6 5 5 6 6 6 0 6 7 3 2 0 5 4 2 5 1 0 3 4 3 6 7 3 9 3 4 5 4 1 1 5 9 5 1 0 5 4 7 4 8 5 8 9 5 1 6 4 4 8 1 8 7 4 6 4 9 7 7 9 0 0 8 7 2 5 3 9 1 7 1 9 4 8 6 5 4 7 7 5 4 5 3 6 2 3 9 4 2 4 2 8 7
6 3 9 1 0 7 9 9 0 2 6 7 5 9 8 1 2 5 6 1 6 3 5 8 5 4 4 0 0 7 4 7 1 1 1 1 2 3 7 6 1 1 4 5 2 8 7 2 4 6 2 6 8 2 3 5 8 2 7 7 3 2 1 0 2 6 1 0 5 8 8 1 1 8 5 3 1 5 4 1 2 4 6 8 0 8 4 2 1 8 4 6 0 0 4 3 9 1 2 7 5 1 4 2 3 4 8 0 4 5 5 5 9 0 6 0 2 9 9 1 7 1 8 2 6 1 7 5 3 9 5 2 2 1 1 5 4 5 0 7 6 4 6 0 9 0 4 3 5 1 6 7 9 5 8 0 4 0 0 6 3 9 3 1 4 7 7 4 6 0 7 6 6 9 1 6 2 5 9 7 0 1 6 3 6 2 9 3 4 1 6 4 0 5 0 6 2 1 1 5
4 3 3 9 3 8 7 6 0 3 0 0 9 9 8 5 7 0 6 6 6 0 0 0 2 6 5 5 2 4 8 4 3 4 1 3 4 1 8 7 8 0 4 2 5 5 0 2 5 9 3 6 9 4 6 9 7 5 0 3 9 6 6 6 4 9 1 3 0 7 7 0 0 0 9 6 3 7 6 3 0 2 8 9 0 9 6 8 0 4 9 7 6 9 1 4 3 8 4 8 0 9 0 7 0 2 5 7 9 5 7 3 8 1 5 6 6 3 3 7 2 0 5 1 6 6 7 2 0 9 8 1 8 9 8 5 3 7 5 9 5 4 9 0 8 3 3 1 6 6 3 4 6 6 8 9 3 2 8 1 5 2 2 9 5 7 9 2 3 3 0 9 8 1 1 7 7 7 8 8 5 6 6 0 1 9 1 7 8 3 5 8 3 5 1 7 8 4 4 5
8 8 7 7 2 1 2 6 4 5 8 2 1 9 1 6 8 1 1 9 0 9 9 5 0 2 7 6 1 0 9 4 3 0 1 9 1 2 7 9 1 5 8 8 0 8 2 2 8 2 8 2 3 2 2 6 6 7 0 6 5 7 2 4 9 6 8 7 9 7 3 7 4 3 1 6 3 7 2 4 0 6 0 0 7 4 3 5 5 9 6 3 5 2 5 6 0 4 1 1 8 7 4 2 8 8 3 5 9 0 1 7 6 6 4 7 6 2 5 7 8 2 4 3 3 5 8 4 3 6 2 1 6 0 6 2 2 7 0 7 7 5 8 2 5 7 0 1 1 4 2 4 5 9 7 0 9 4 9 1 8 1 6 0 0 8 0 0 6 2 9 0 3 2 3 1 9 7 4 5 5 8 1 7 1 3 5 9 4 7 3 5 4 4 7 1 5 9 9 1
3 0 5 8 9 8 1 8 2 2 8 9 8 5 2 0 6 9 9 0 9 3 5 9 4 6 4 1 1 5 0 5 2 3 4 7 7 3 3 1 1 1 3 4 6 2 0 1 4 4 7 0 1 4 3 6 2 7 5 0 3 4 1 1 9 9 4 9 7 6 3 5 4 3 4 9 7 2 0 9 0 9 2 4 6 8 0 4 2 4 9 1 6 5 9 7 4 5 1 9 8 0 3 2 4 0 8 3 1 5 8 9 1 7 3 0 3 8 0 6 6 3 7 1 6 9 9 2 3 3 4 1 0 1 4 7 2 6 9 4 6 4 8 9 2 5 2 7 8 2 3 7 3 4 4 3 4 0 1 1 8 2 8 6 3 9 9 5 1 5 6 2 0 7 2 6 9 0 7 9 6 4 8 5 9 5 6 0 2 8 6 2 9 8 7 8 7 9 9 8
2 1 3 0 7 4 9 7 3 7 8 2 1 4 8 8 5 8 8 0 6 3 8 0 8 9 2 8 5 2 1 4 2 9 4 4 9 6 1 8 1 2 6 0 3 8 1 3 6 9 1 0 7 6 5 7 6 1 5 6 0 2 5 8 5 9 8 3 9 1 6 8 4 0 9 1 7 3 2 9 1 2 1 7 4 6 4 5 5 3 8 5 1 4 1 6 2 0 3 9 5 4 1 5 6 4 3 5 1 8 5 6 3 8 1 5 9 6 0 6 9 9 7 0 9 1 9 5 9 5 3 9 8 0 7 3 4 6 1 8 2 0 4 6 6 9 4 0 3 5 5 0 5 0 7 2 9 3 5 1 7 6 3 8 7 0 5 9 9 8 8 3 6 0 1 9 0 6 0 9 6 3 9 7 9 5 2 1 9 1 7 0 9 3 9 2 7 7 7 5
2 8 1 8 1 6 9 0 8 8 3 4 0 0 1 6 6 6 4 6 2 4 2 7 4 5 7 7 9 3 7 1 1 8 3 5 1 6 8 5 8 4 0 4 1 0 9 2 7 9 2 8 3 4 1 6 4 9 7 6 6 9 7 6 5 2 3 4 4 1 7 8 5 9 7 7 3 6 3 7 4 4 7 8 5 8 5 1 0 0 4 8 8 8 8 2 5 6 3 2 4 5 0 6 3 6 7 7 8 4 9 2 5 3 1 2 3 1 2 9 0 4 7 9 8 4 2 8 2 0 2 1 1 8 0 2 5 8 1 4 4 0 1 7 0 0 4 2 4 5 5 3 9 2 5 6 5 2 6 3 0 8 7 7 6 9 6 2 3 0 2 4 1 9 0 2 3 0 1 8 6 5 5 8 3 9 4 2 5 0 8 9 1 5 5 9 2 2 1 8
8 0 3 0 5 1 2 2 3 5 1 4 6 3 8 4 9 8 3 4 7 6 8 5 8 3 9 1 8 5 0 3 6 5 3 8 5 0 7 9 6 4 1 2 2 4 6 7 3 4 0 9 0 0 0 3 0 4 8 1 9 3 1 7 4 1 7 5 6 8 6 9 2 1 3 0 1 0 3 5 3 7 0 5 7 4 2 6 0 5 7 8 0 3 3 9 1 1 1 6 7 0 3 9 1 7 7 9 5 3 5 1 5 8 8 9 8 2 4 1 8 7 0 8 4 9 2 3 1 3 2 1 1 1 0 6 1 6 1 6 0 4 6 8 5 8 8 3 0 2 0 3 2 1 5 5 9 2 0 3 0 7 2 4 8 4 1 4 2 3 7 6 8 0 3 0 6 4 7 7 2 7 7 3 5 3 8 1 9 5 4 3 0 9 8 3 2 3 5 6
7 3 2 1 0 0 2 8 6 4 8 8 9 0 1 8 0 0 1 1 1 9 8 1 0 3 0 2 3 2 2 6 3 0 3 9 4 8 4 6 4 4 9 2 0 4 2 2 7 7 4 1 1 9 2 7 2 7 4 1 0 9 2 5 1 0 8 7 3 6 5 7 6 5 5 5 8 3 4 8 1 4 9 9 6 6 6 5 8 5 4 7 4 6 4 5 5 9 1 7 1 7 4 8 5 9 4 3 9 2 0 1 6 9 0 3 7 0 9 2 1 7 7 6 6 2 6 1 3 6 9 5 3 9 2 5 9 1 5 4 2 0 6 5 0 4 8 7 0 7 4 9 9 6 5 4 3 4 6 5 1 2 4 9 9 7 7 4 0 0 0 5 8 6 3 5 0 4 9 8 0 6 6 3 9 6 2 0 7 2 0 6 3 4 5 8 7 1 5 7
4 7 5 8 5 4 2 8 5 1 6 0 0 0 4 8 5 3 3 8 5 8 0 3 9 6 9 2 9 8 7 9 2 8 5 1 6 2 1 9 3 0 9 7 3 4 6 5 4 8 1 2 7 3 9 6 4 9 9 0 4 0 9 5 4 0 0 8 5 4 6 9 4 7 3 2 9 8 8 3 2 1 4 9 6 7 4 0 7 8 3 7 1 2 6 2 2 3 0 3 2 6 7 1 8 6 4 8 1 6 1 3 4 9 2 3 3 4 6 8 8 6 2 4 0 3 1 2 5 9 6 7 9 9 6 1 5 5 0 5 2 1 5 1 2 9 0 3 9 7 0 6 4 8 3 3 5 1 8 8 4 6 3 5 3 1 5 8 9 0 6 2 4 4 6 8 8 0 3 0 8 7 2 8 2 9 4 8 8 6 3 0 2 3 5 4 9 2 5 6
3 8 8 3 3 6 3 7 5 2 0 0 6 0 6 8 4 3 7 1 3 3 6 6 9 9 5 6 2 4 1 8 3 7 8 5 9 4 4 5 6 0 1 1 6 4 3 0 1 7 7 3 3 7 2 4 6 6 1 6 8 5 5 0 5 8 6 8 1 1 8 8 9 9 7 8 5 7 8 9 6 5 0 7 7 3 6 4 3 9 8 1 3 8 6 4 5 1 0 7 0 1 6 2 0 2 5 5 0 1 2 8 0 9 6 6 0 3 1 5 7 3 5 5 7 8 1 8 2 2 9 3 1 7 9 4 6 9 1 9 7 4 1 1 1 9 1 0 7 5 2 5 9 6 8 2 3 8 6 9 8 2 3 8 9 4 1 7 3 7 8 2 6 1 8 8 6 9 0 3 0 7 5 5 6 4 8 3 1 7 1 0 0 0 0 0 6 7 8 1
0 2 5 5 6 8 9 1 4 4 0 8 4 9 3 4 2 2 9 1 5 9 6 4 1 5 8 7 4 9 9 6 1 6 5 9 9 4 0 1 4 8 9 5 3 3 6 3 9 6 9 6 7 3 5 0 0 9 0 3 9 4 8 6 7 6 4 5 6 2 7 9 9 4 0 8 7 8 8 7 3 8 6 8 3 3 1 4 5 9 7 2 9 7 3 9 8 1 5 3 2 4 1 2 7 6 7 9 7 6 4 5 6 8 8 5 9 0 5 1 8 5 0 6 3 4 9 0 2 4 8 8 5 2 0 0 4 4 8 4 5 5 0 7 2 6 2 9 5 4 7 4 9 5 6 2 1 8 1 2 0 6 8 2 6 7 2 1 5 4 8 6 1 9 2 7 2 7 3 0 5 7 9 8 7 9 9 2 6 5 4 5 5 9 7 6 4 5 6 6
2 0 0 0 9 8 1 3 0 5 6 3 2 8 4 5 8 6 5 6 4 7 5 8 0 5 2 2 8 4 8 6 6 6 2 0 0 9 9 1 7 4 7 6 6 4 1 9 9 3 3 4 4 6 8 0 4 7 4 2 1 5 9 5 1 7 7 3 7 9 5 3 7 3 1 3 8 8 3 5 2 6 1 2 3 6 6 3 0 5 1 4 3 8 5 7 5 8 3 8 7 9 0 1 4 6 4 8 2 6 0 3 6 5 4 4 6 9 3 0 8 7 3 1 6 2 5 3 3 1 5 6 0 9 6 2 2 8 0 4 5 9 6 1 2 5 7 6 2 6 6 4 2 8 1 1 9 0 6 4 9 0 2 1 4 5 7 0 7 1 3 0 9 7 2 3 8 4 5 9 0 6 6 8 5 2 2 5 6 6 9 3 6 5 0 6 0 9 5 9
8 8 7 0 6 3 6 4 2 9 6 0 3 3 2 8 9 4 4 1 0 3 5 8 0 7 5 4 5 8 5 3 1 0 2 3 1 8 2 1 3 5 3 1 3 1 7 6 2 4 0 2 2 7 4 5 5 2 6 4 5 8 1 5 6 7 8 1 0 7 4 3 2 1 4 5 3 4 4 0 2 2 5 5 8 9 9 8 0 9 8 8 5 9 5 0 0 3 8 4 2 6 3 3 8 7 8 5 4 9 6 8 6 6 9 4 7 1 3 0 2 6 0 8 3 5 9 7 3 3 8 4 7 7 3 6 0 2 4 5 4 0 3 8 0 7 0 7 7 5 4 9 7 5 9 6 2 3 9 5 6 7 7 8 4 2 1 4 2 9 8 5 8 4 2 1 8 3 2 9 7 0 9 3 4 3 8 8 5 9 5 3 1 9 4 9 4 3 5 6
1 5 5 0 0 1 5 4 8 4 1 8 2 9 4 0 4 6 7 2 5 4 2 4 8 6 5 0 9 4 0 7 1 2 3 4 7 9 7 0 8 0 2 1 9 9 9 5 2 6 3 4 8 9 4 0 6 2 1 5 2 9 3 8 7 2 4 0 7 5 2 8 8 6 3 4 6 9 4 1 2 7 3 7 8 1 1 9 1 3 2 9 4 4 4 8 3 1 2 3 9 8 2 1 3 4 3 8 3 0 9 2 1 5 8 6 1 0 6 1 8 2 9 1 6 2 7 9 1 0 5 8 4 5 2 4 5 1 4 2 5 6 2 8 6 8 8 7 2 5 6 3 2 4 4 9 7 5 5 9 1 5 7 3 7 5 5 8 4 2 0 0 2 2 8 2 1 9 8 2 7 0 0 0 8 2 8 2 9 1 3 5 6 2 1 2 6 9 5 4
0 2 6 8 2 6 0 4 4 4 8 1 6 5 3 2 2 2 1 6 9 3 3 4 1 8 5 4 6 0 2 6 0 3 4 0 6 2 5 1 5 4 0 2 4 4 8 4 9 6 1 0 9 5 5 9 6 0 5 8 0 4 9 9 8 8 4 5 7 8 9 4 5 1 9 7 8 4 1 9 4 9 2 3 9 5 8 6 3 8 9 6 1 2 5 5 5 7 6 9 0 8 9 9 6 5 8 3 3 9 8 8 4 1 3 8 0 8 1 9 8 0 6 7 2 0 1 9 9 6 2 9 6 2 7 7 6 9 7 2 1 0 4 2 5 6 3 4 5 6 5 2 3 5 4 3 5 7 8 0 5 0 2 4 1 2 0 6 3 3 4 1 1 8 6 3 1 1 2 7 8 1 2 0 4 7 4 2 5 0 8 5 0 4 3 4 0 3 1 8
6 8 0 7 0 4 6 2 1 2 2 0 3 5 8 2 7 8 9 2 2 6 5 4 7 6 1 3 6 9 9 1 2 3 2 0 5 5 7 7 9 0 2 3 0 3 8 1 8 5 7 5 6 2 0 1 0 5 0 1 9 0 2 3 9 9 4 7 4 5 4 9 5 0 5 7 9 4 9 8 3 3 3 4 8 6 2 0 9 4 7 9 6 4 7 5 8 3 7 9 4 7 6 3 5 8 6 4 9 3 4 1 5 6 1 6 9 0 0 7 9 0 9 7 4 5 1 1 5 2 1 3 5 1 0 2 5 4 7 4 4 5 3 1 9 7 3 8 7 0 3 7 7 0 8 8 3 6 8 4 5 8 0 9 0 6 1 7 4 8 8 6 0 7 9 9 4 0 2 3 5 1 9 1 0 2 9 9 7 2 1 6 3 4 6 9 1 2 6 5
7 9 4 7 4 0 6 1 9 1 4 4 8 0 0 8 1 8 9 4 9 7 8 8 0 0 4 8 0 1 8 9 1 7 3 2 7 8 8 0 2 5 0 9 2 1 6 4 7 9 0 4 1 1 6 3 2 2 3 4 1 2 2 2 5 3 5 5 4 4 2 1 4 9 2 3 4 2 0 7 1 4 3 5 6 4 7 8 4 5 3 2 0 7 7 3 4 5 1 3 4 7 1 7 4 5 1 5 7 9 2 6 6 6 0 1 4 5 2 8 1 4 9 6 8 9 7 0 9 4 9 7 7 9 7 4 1 3 4 2 8 9 0 4 4 9 0 1 0 5 2 0 3 0 3 1 2 4 7 2 3 4 3 9 1 7 5 9 9 8 7 9 5 1 6 7 9 3 9 3 5 4 1 6 0 0 5 4 7 2 3 1 0 5 8 6 3 6 0 1
3 3 0 3 7 4 2 8 6 9 7 8 1 5 8 4 9 0 9 0 9 6 3 0 3 4 0 1 1 2 2 8 3 1 5 3 6 1 4 2 5 9 5 3 3 1 6 1 2 2 8 7 4 8 2 5 7 1 6 7 5 3 6 0 1 5 6 7 7 3 1 8 6 7 1 4 3 6 9 6 1 2 6 9 0 3 1 9 9 3 5 6 5 8 2 4 1 7 8 9 5 6 6 6 0 4 6 8 1 6 7 6 7 3 4 7 4 6 0 4 4 0 6 0 8 1 3 0 6 3 0 1 6 9 8 4 8 6 9 7 2 6 7 9 7 0 9 0 7 6 9 2 4 3 8 9 5 1 2 4 5 9 1 9 9 2 5 6 0 8 7 5 1 1 2 5 8 4 1 5 9 0 9 7 2 1 0 4 2 3 4 1 7 8 0 1 3 6 1 5
7 5 9 0 8 8 9 9 3 5 9 6 6 9 3 3 3 7 1 5 6 8 2 1 1 0 8 9 2 3 9 4 7 0 8 4 0 4 0 8 3 2 9 5 3 5 2 4 5 3 8 9 9 2 3 0 9 0 0 2 2 1 3 3 8 0 4 9 9 5 1 7 4 4 3 4 8 5 3 3 9 2 4 0 4 5 8 2 7 3 9 9 8 6 4 6 8 6 6 9 1 4 8 2 2 8 0 8 6 9 3 6 6 8 1 2 3 6 6 4 7 6 9 7 1 0 5 3 2 9 4 9 2 5 2 0 2 1 4 4 4 7 5 6 6 2 2 5 5 3 2 2 1 5 3 0 8 8 4 3 0 2 1 3 4 5 5 5 2 1 0 1 8 6 5 4 4 8 6 4 3 0 2 0 8 2 3 0 5 4 8 3 9 4 4 7 8 5 6 2
4 9 2 8 3 4 8 7 0 9 9 6 2 6 0 5 3 5 3 9 1 2 0 5 2 3 5 2 9 4 2 8 3 2 4 8 4 0 2 9 2 0 2 6 3 8 5 5 5 0 5 9 8 8 7 1 7 7 0 8 5 3 5 5 9 6 1 4 2 7 5 2 6 9 5 9 3 3 2 4 5 0 3 1 9 7 6 6 5 0 6 1 8 3 8 0 2 4 9 1 6 2 0 6 2 8 8 8 2 7 3 0 5 5 7 6 7 7 2 5 0 3 3 5 9 2 0 1 9 7 3 8 9 9 6 5 3 7 0 7 0 5 5 1 0 2 3 4 1 5 5 9 8 9 4 1 3 9 1 8 1 1 8 2 3 9 9 7 5 6 6 9 3 8 9 7 5 2 3 0 1 9 7 9 7 7 8 0 0 9 9 7 9 4 0 2 6 4 1 7
9 6 3 2 5 2 4 7 2 6 3 7 1 5 5 7 9 7 4 0 1 6 0 1 1 6 7 4 6 5 5 1 4 3 7 9 1 7 8 3 0 6 6 7 1 1 5 3 1 2 7 2 0 3 7 3 2 8 1 3 3 1 5 6 6 3 0 4 4 4 3 0 8 4 8 6 1 5 2 5 2 2 3 2 1 6 4 0 1 7 6 2 4 9 4 8 9 8 3 5 3 8 7 9 5 5 7 7 3 5 0 6 2 5 1 1 0 0 7 0 7 3 8 5 5 2 2 0 6 7 8 8 9 0 9 7 5 2 1 1 9 0 8 2 3 6 1 7 1 1 7 8 2 3 1 9 8 0 1 7 9 4 4 5 9 7 4 1 4 3 1 7 7 9 1 5 3 1 5 9 5 5 7 2 5 4 3 2 1 0 0 5 1 0 8 2 4 4 3 9
5 2 2 4 5 1 4 1 6 2 8 1 3 1 4 3 0 6 9 8 2 6 9 1 6 6 5 6 8 5 4 8 4 7 5 0 1 5 3 4 1 8 2 0 0 8 9 0 0 6 9 8 5 9 6 6 8 5 8 6 2 3 0 1 5 6 6 1 4 8 5 0 5 8 8 5 6 2 9 7 6 9 3 0 8 7 2 9 0 5 3 6 1 3 3 6 6 0 2 3 6 5 5 0 1 9 1 3 3 1 1 7 3 8 6 0 8 3 5 5 0 6 4 6 5 4 5 5 1 3 1 1 7 2 8 9 0 7 2 4 4 7 8 7 6 7 8 2 5 6 6 5 5 4 9 9 4 8 6 7 6 2 6 8 8 8 0 5 8 8 2 1 0 5 3 1 6 4 1 1 1 9 1 5 6 3 8 6 1 6 0 1 7 1 2 6 4 1 1 6
3 0 9 4 5 8 6 2 9 2 4 6 4 6 8 2 4 9 7 0 9 4 6 8 1 7 2 8 3 0 3 8 0 6 3 5 6 7 6 1 4 1 7 5 2 4 7 8 0 0 6 6 6 4 2 9 1 7 8 8 4 6 5 0 2 6 7 9 8 5 0 7 7 9 8 5 4 9 0 8 2 2 9 5 7 8 3 8 9 8 2 0 7 1 4 9 3 2 3 1 8 2 6 3 9 5 8 5 1 2 5 9 3 1 1 9 5 0 5 7 1 7 3 4 9 7 2 4 7 0 6 5 3 7 8 5 2 9 7 4 7 9 3 4 0 8 7 1 4 4 3 4 9 6 5 8 5 1 3 7 7 5 0 6 2 9 4 2 2 6 8 2 3 1 1 0 0 4 1 9 2 3 3 3 9 9 9 0 0 2 4 0 7 5 3 2 2 0 3 0
0 1 9 9 3 0 6 0 9 5 8 3 2 5 5 5 7 5 3 5 0 2 6 0 6 9 9 9 2 0 1 2 0 5 7 0 1 1 8 1 1 1 1 2 8 5 4 2 1 8 8 1 1 4 3 2 2 5 8 8 2 7 5 5 2 5 2 0 9 2 4 6 6 6 0 8 5 5 3 5 7 7 5 2 3 4 6 7 9 3 1 0 9 2 4 7 2 3 4 0 6 6 0 2 1 9 9 4 2 0 1 6 1 8 3 0 4 6 2 6 7 9 1 9 2 7 8 2 8 4 8 5 0 3 4 3 7 0 5 8 3 7 4 4 5 3 8 7 7 0 5 1 4 0 6 8 6 1 2 3 5 2 0 6 1 6 3 7 3 4 6 9 5 8 4 4 5 0 6 4 3 0 7 3 3 5 9 2 2 9 5 0 0 7 2 9 6 4 3 9
7 3 2 7 5 5 5 1 0 4 6 9 8 9 5 3 4 9 4 8 8 4 0 8 9 2 7 5 3 4 1 4 1 9 5 8 7 1 5 5 9 1 6 5 0 8 8 4 0 0 8 3 3 8 9 1 6 3 6 7 0 5 5 3 2 4 9 7 2 5 3 5 5 6 1 7 4 7 8 4 5 1 1 0 0 3 4 3 8 3 3 7 1 0 0 7 8 3 7 9 2 7 6 0 4 9 1 5 7 8 7 5 9 3 6 3 7 9 0 8 8 8 4 2 1 3 7 7 0 2 9 5 6 4 1 2 1 6 0 1 0 1 1 2 4 7 6 8 0 6 8 5 3 3 7 3 2 0 8 4 1 1 5 5 4 7 8 1 2 3 9 3 6 9 2 6 6 7 8 7 6 1 4 9 1 7 6 4 9 3 8 9 0 0 5 7 2 9 1 3
7 5 1 2 5 3 6 6 9 3 3 7 6 3 2 8 8 8 3 1 9 0 0 1 0 8 2 1 3 8 5 8 9 8 1 9 8 2 4 9 9 8 4 8 1 2 8 6 7 6 1 4 9 2 1 2 0 2 3 5 0 3 2 0 4 1 6 8 1 1 0 6 1 7 9 2 8 9 8 1 9 7 1 4 6 7 4 7 9 3 4 2 3 0 5 4 8 7 1 9 3 2 6 5 3 0 2 1 6 2 1 5 3 2 4 0 0 0 6 2 7 7 8 8 0 5 8 6 5 8 6 3 8 6 3 0 0 4 7 1 3 6 5 5 6 9 7 2 8 2 1 4 9 2 4 7 5 3 0 5 5 1 5 6 6 1 7 5 2 2 5 3 4 3 3 4 3 7 1 5 8 3 0 1 3 1 7 9 4 7 0 2 7 6 0 1 3 2 4 3
9 9 6 0 2 0 0 9 3 5 3 1 6 4 6 4 6 6 8 5 8 5 2 4 8 0 2 3 6 4 3 5 1 3 1 0 8 7 1 2 9 0 1 4 8 5 5 3 1 9 9 9 4 7 5 3 4 3 7 0 8 7 7 6 3 8 8 9 3 0 6 5 5 2 5 1 2 9 6 6 5 0 0 6 2 3 0 8 1 6 8 8 8 7 9 9 2 4 1 9 9 8 5 9 8 1 8 3 2 1 9 9 2 5 3 2 3 7 2 9 0 2 5 8 1 2 9 7 9 0 0 1 9 8 2 4 6 3 0 8 0 4 6 1 5 9 1 2 8 4 8 8 6 9 1 3 6 5 3 0 0 2 8 2 8 6 9 6 5 4 8 5 1 7 8 0 0 9 5 3 2 3 3 1 4 4 3 0 2 4 7 6 2 6 7 0 6 2 5 0
9 4 7 7 8 3 9 7 3 0 7 8 0 5 6 4 4 6 7 3 2 4 4 2 2 3 5 7 0 4 8 0 6 1 6 6 4 5 3 7 7 2 5 8 3 7 1 1 2 6 5 6 4 3 7 8 4 3 1 2 7 3 8 7 6 2 4 1 6 7 3 6 2 8 4 4 6 8 1 7 9 2 8 3 1 9 4 0 0 9 0 3 5 2 8 6 5 3 3 9 0 4 4 3 9 2 7 1 5 1 8 5 0 9 4 7 3 4 3 8 9 5 0 8 4 8 6 2 5 1 5 6 1 4 7 0 9 8 5 2 5 9 0 1 8 2 3 9 2 6 5 2 7 3 6 3 4 9 1 2 1 1 8 2 8 2 3 7 1 7 2 9 5 2 9 6 8 3 8 3 9 1 3 7 2 1 1 7 1 3 4 9 2 4 9 3 0 3 4 8
2 2 0 9 2 3 9 5 9 4 6 0 6 6 7 6 0 8 6 2 7 6 3 9 5 8 9 5 6 9 5 0 5 2 9 4 3 6 4 6 9 9 5 5 6 6 6 6 7 5 1 2 3 8 7 7 1 3 9 1 7 0 5 7 6 3 1 4 8 4 4 3 6 1 1 1 1 4 8 0 1 0 8 4 0 5 2 8 5 2 0 0 3 3 1 3 2 7 8 2 5 0 8 7 7 0 6 6 3 5 7 4 0 8 6 8 3 9 4 6 8 4 8 4 1 6 6 3 3 4 7 1 8 7 3 5 0 6 6 5 4 1 0 1 4 1 7 2 0 8 9 2 1 6 2 5 6 2 2 7 5 2 5 2 3 8 3 5 5 4 2 5 4 9 4 4 5 5 2 3 3 6 2 6 4 4 5 7 8 7 5 0 1 1 1 9 1 0 1 8
1 7 3 3 0 5 5 8 0 1 7 2 0 6 1 1 6 8 3 9 0 1 9 2 7 8 7 5 7 1 9 2 2 6 8 7 8 7 8 7 6 5 7 4 4 5 0 7 2 5 5 1 4 1 4 4 5 5 1 4 2 4 8 1 6 6 2 9 9 9 6 5 2 1 9 2 2 3 1 2 3 3 5 9 4 1 1 8 5 2 8 9 5 4 6 9 6 5 8 0 1 4 0 8 2 6 4 2 5 9 2 7 9 7 8 3 2 4 4 6 8 0 4 7 6 2 1 1 7 3 2 4 2 6 0 2 9 2 5 9 3 9 5 9 4 9 9 1 1 7 6 1 1 6 4 2 9 3 2 8 9 1 1 3 1 7 6 4 2 1 0 9 5 3 4 0 5 2 0 2 2 7 3 3 8 7 3 2 5 3 0 8 2 1 2 5 3 5 0 7
8 8 8 1 9 1 3 5 2 4 9 1 0 5 5 6 9 6 9 1 5 1 6 1 2 8 3 1 0 1 6 4 1 6 8 0 9 7 4 7 6 1 0 1 6 5 3 1 8 5 9 4 2 4 3 6 6 2 2 5 8 0 1 2 9 6 4 1 7 3 2 9 7 4 9 1 6 5 6 2 8 3 2 9 6 0 6 8 9 5 6 4 3 3 1 2 4 9 0 9 1 8 2 8 1 0 8 5 4 7 0 6 4 9 1 1 8 7 7 7 4 7 8 3 0 3 8 9 4 2 7 2 6 1 7 8 9 6 0 9 5 5 3 5 1 2 9 0 3 0 6 0 2 5 4 3 4 8 2 1 8 7 1 4 2 9 7 1 3 8 9 9 5 2 0 3 9 9 6 9 3 8 8 2 2 9 8 7 1 3 2 4 7 6 3 2 4 6 4 0